0.000000000,-0.100000000,-0.550000000,0.350000000,0.000000000,1.000000000,0.000000000,0.000000000
0.016666667,-0.099166667,-0.549166667,0.350000000,0.000000000,1.000000000,0.000000000,0.000000000
0.033333334,-0.098333333,-0.548333333,0.350000000,0.000000000,1.000000000,0.000000000,0.000000000
0.050000001,-0.097500000,-0.547500000,0.350000000,0.000000000,1.000000000,0.000000000,0.000000000
0.066666668,-0.096666667,-0.546666667,0.350000000,0.000000000,1.000000000,0.000000000,0.000000000
0.083333335,-0.095833333,-0.545833333,0.350000000,0.000000000,1.000000000,0.000000000,0.000000000
0.100000002,-0.095000000,-0.545000000,0.350000000,0.000000000,1.000000000,0.000000000,0.000000000
0.116666669,-0.094166667,-0.544166667,0.350000000,0.000000000,1.000000000,0.000000000,0.000000000
0.133333336,-0.093333333,-0.543333333,0.350000000,0.000000000,1.000000000,0.000000000,0.000000000
0.150000003,-0.092500000,-0.542500000,0.350000000,0.000000000,1.000000000,0.000000000,0.000000000
0.166666670,-0.091666667,-0.541666667,0.350000000,0.000000000,1.000000000,0.000000000,0.000000000
0.183333337,-0.090833333,-0.540833333,0.350000000,0.000000000,1.000000000,0.000000000,0.000000000
0.200000004,-0.090000000,-0.540000000,0.350000000,0.000000000,1.000000000,0.000000000,0.000000000
0.216666671,-0.089166666,-0.539166666,0.350000000,0.000000000,1.000000000,0.000000000,0.000000000
0.233333338,-0.088333333,-0.538333333,0.350000000,0.000000000,1.000000000,0.000000000,0.000000000
0.250000005,-0.087500000,-0.537500000,0.350000000,0.000000000,1.000000000,0.000000000,0.000000000
0.266666672,-0.086666666,-0.536666666,0.350000000,0.000000000,1.000000000,0.000000000,0.000000000
0.283333339,-0.085833333,-0.535833333,0.350000000,0.000000000,1.000000000,0.000000000,0.000000000
0.300000006,-0.085000000,-0.535000000,0.350000000,0.000000000,1.000000000,0.000000000,0.000000000
0.316666673,-0.084166666,-0.534166666,0.350000000,0.000000000,1.000000000,0.000000000,0.000000000
0.333333340,-0.083333333,-0.533333333,0.350000000,0.000000000,1.000000000,0.000000000,0.000000000
0.350000007,-0.082500000,-0.532500000,0.350000000,0.000000000,1.000000000,0.000000000,0.000000000
0.366666674,-0.081666666,-0.531666666,0.350000000,0.000000000,1.000000000,0.000000000,0.000000000
0.383333341,-0.080833333,-0.530833333,0.350000000,0.000000000,1.000000000,0.000000000,0.000000000
0.400000008,-0.080000000,-0.530000000,0.350000000,0.000000000,1.000000000,0.000000000,0.000000000
0.416666675,-0.079166666,-0.529166666,0.350000000,0.000000000,1.000000000,0.000000000,0.000000000
0.433333342,-0.078333333,-0.528333333,0.350000000,0.000000000,1.000000000,0.000000000,0.000000000
0.450000009,-0.077500000,-0.527500000,0.350000000,0.000000000,1.000000000,0.000000000,0.000000000
0.466666676,-0.076666666,-0.526666666,0.350000000,0.000000000,1.000000000,0.000000000,0.000000000
0.483333343,-0.075833333,-0.525833333,0.350000000,0.000000000,1.000000000,0.000000000,0.000000000
0.500000010,-0.075000000,-0.524999999,0.350000000,0.000000000,1.000000000,0.000000000,0.000000000
0.516666677,-0.074166666,-0.524166666,0.350000000,0.000000000,1.000000000,0.000000000,0.000000000
0.533333344,-0.073333333,-0.523333333,0.350000000,0.000000000,1.000000000,0.000000000,0.000000000
0.550000011,-0.072499999,-0.522499999,0.350000000,0.000000000,1.000000000,0.000000000,0.000000000
0.566666678,-0.071666666,-0.521666666,0.350000000,0.000000000,1.000000000,0.000000000,0.000000000
0.583333345,-0.070833333,-0.520833333,0.350000000,0.000000000,1.000000000,0.000000000,0.000000000
0.600000012,-0.069999999,-0.519999999,0.350000000,0.000000000,1.000000000,0.000000000,0.000000000
0.616666679,-0.069166666,-0.519166666,0.350000000,0.000000000,1.000000000,0.000000000,0.000000000
0.633333346,-0.068333333,-0.518333333,0.350000000,0.000000000,1.000000000,0.000000000,0.000000000
0.650000013,-0.067499999,-0.517499999,0.350000000,0.000000000,1.000000000,0.000000000,0.000000000
0.666666680,-0.066666666,-0.516666666,0.350000000,0.000000000,1.000000000,0.000000000,0.000000000
0.683333347,-0.065833333,-0.515833333,0.350000000,0.000000000,1.000000000,0.000000000,0.000000000
0.700000014,-0.064999999,-0.514999999,0.350000000,0.000000000,1.000000000,0.000000000,0.000000000
0.716666681,-0.064166666,-0.514166666,0.350000000,0.000000000,1.000000000,0.000000000,0.000000000
0.733333348,-0.063333333,-0.513333333,0.350000000,0.000000000,1.000000000,0.000000000,0.000000000
0.750000015,-0.062499999,-0.512499999,0.350000000,0.000000000,1.000000000,0.000000000,0.000000000
0.766666682,-0.061666666,-0.511666666,0.350000000,0.000000000,1.000000000,0.000000000,0.000000000
0.783333349,-0.060833333,-0.510833333,0.350000000,0.000000000,1.000000000,0.000000000,0.000000000
0.800000016,-0.059999999,-0.509999999,0.350000000,0.000000000,1.000000000,0.000000000,0.000000000
0.816666683,-0.059166666,-0.509166666,0.350000000,0.000000000,1.000000000,0.000000000,0.000000000
0.833333350,-0.058333333,-0.508333333,0.350000000,0.000000000,1.000000000,0.000000000,0.000000000
0.850000017,-0.057499999,-0.507499999,0.350000000,0.000000000,1.000000000,0.000000000,0.000000000
0.866666684,-0.056666666,-0.506666666,0.350000000,0.000000000,1.000000000,0.000000000,0.000000000
0.883333351,-0.055833332,-0.505833332,0.350000000,0.000000000,1.000000000,0.000000000,0.000000000
0.900000018,-0.054999999,-0.504999999,0.350000000,0.000000000,1.000000000,0.000000000,0.000000000
0.916666685,-0.054166666,-0.504166666,0.350000000,0.000000000,1.000000000,0.000000000,0.000000000
0.933333352,-0.053333332,-0.503333332,0.350000000,0.000000000,1.000000000,0.000000000,0.000000000
0.950000019,-0.052499999,-0.502499999,0.350000000,0.000000000,1.000000000,0.000000000,0.000000000
0.966666686,-0.051666666,-0.501666666,0.350000000,0.000000000,1.000000000,0.000000000,0.000000000
0.983333353,-0.050833332,-0.500833332,0.350000000,0.000000000,1.000000000,0.000000000,0.000000000
1.000000020,-0.049999999,-0.499999999,0.350000000,0.000000000,1.000000000,0.000000000,0.000000000
1.016666687,-0.049166666,-0.499166666,0.350000000,0.000000000,1.000000000,0.000000000,0.000000000
1.033333354,-0.048333332,-0.498333332,0.350000000,0.000000000,1.000000000,0.000000000,0.000000000
1.050000021,-0.047499999,-0.497499999,0.350000000,0.000000000,1.000000000,0.000000000,0.000000000
1.066666688,-0.046666666,-0.496666666,0.350000000,0.000000000,1.000000000,0.000000000,0.000000000
1.083333355,-0.045833332,-0.495833332,0.350000000,0.000000000,1.000000000,0.000000000,0.000000000
1.100000022,-0.044999999,-0.494999999,0.350000000,0.000000000,1.000000000,0.000000000,0.000000000
1.116666689,-0.044166666,-0.494166666,0.350000000,0.000000000,1.000000000,0.000000000,0.000000000
1.133333356,-0.043333332,-0.493333332,0.350000000,0.000000000,1.000000000,0.000000000,0.000000000
1.150000023,-0.042499999,-0.492499999,0.350000000,0.000000000,1.000000000,0.000000000,0.000000000
1.166666690,-0.041666666,-0.491666666,0.350000000,0.000000000,1.000000000,0.000000000,0.000000000
1.183333357,-0.040833332,-0.490833332,0.350000000,0.000000000,1.000000000,0.000000000,0.000000000
1.200000024,-0.039999999,-0.489999999,0.350000000,0.000000000,1.000000000,0.000000000,0.000000000
1.216666691,-0.039166665,-0.489166665,0.350000000,0.000000000,1.000000000,0.000000000,0.000000000
1.233333358,-0.038333332,-0.488333332,0.350000000,0.000000000,1.000000000,0.000000000,0.000000000
1.250000025,-0.037499999,-0.487499999,0.350000000,0.000000000,1.000000000,0.000000000,0.000000000
1.266666692,-0.036666665,-0.486666665,0.350000000,0.000000000,1.000000000,0.000000000,0.000000000
1.283333359,-0.035833332,-0.485833332,0.350000000,0.000000000,1.000000000,0.000000000,0.000000000
1.300000026,-0.034999999,-0.484999999,0.350000000,0.000000000,1.000000000,0.000000000,0.000000000
1.316666693,-0.034166665,-0.484166665,0.350000000,0.000000000,1.000000000,0.000000000,0.000000000
1.333333360,-0.033333332,-0.483333332,0.350000000,0.000000000,1.000000000,0.000000000,0.000000000
1.350000027,-0.032499999,-0.482499999,0.350000000,0.000000000,1.000000000,0.000000000,0.000000000
1.366666694,-0.031666665,-0.481666665,0.350000000,0.000000000,1.000000000,0.000000000,0.000000000
1.383333361,-0.030833332,-0.480833332,0.350000000,0.000000000,1.000000000,0.000000000,0.000000000
1.400000028,-0.029999999,-0.479999999,0.350000000,0.000000000,1.000000000,0.000000000,0.000000000
1.416666695,-0.029166665,-0.479166665,0.350000000,0.000000000,1.000000000,0.000000000,0.000000000
1.433333362,-0.028333332,-0.478333332,0.350000000,0.000000000,1.000000000,0.000000000,0.000000000
1.450000029,-0.027499999,-0.477499999,0.350000000,0.000000000,1.000000000,0.000000000,0.000000000
1.466666696,-0.026666665,-0.476666665,0.350000000,0.000000000,1.000000000,0.000000000,0.000000000
1.483333363,-0.025833332,-0.475833332,0.350000000,0.000000000,1.000000000,0.000000000,0.000000000
1.500000030,-0.024999998,-0.474999998,0.350000000,0.000000000,1.000000000,0.000000000,0.000000000
1.516666697,-0.024166665,-0.474166665,0.350000000,0.000000000,1.000000000,0.000000000,0.000000000
1.533333364,-0.023333332,-0.473333332,0.350000000,0.000000000,1.000000000,0.000000000,0.000000000
1.550000031,-0.022499998,-0.472499998,0.350000000,0.000000000,1.000000000,0.000000000,0.000000000
1.566666698,-0.021666665,-0.471666665,0.350000000,0.000000000,1.000000000,0.000000000,0.000000000
1.583333365,-0.020833332,-0.470833332,0.350000000,0.000000000,1.000000000,0.000000000,0.000000000
1.600000032,-0.019999998,-0.469999998,0.350000000,0.000000000,1.000000000,0.000000000,0.000000000
1.616666699,-0.019166665,-0.469166665,0.350000000,0.000000000,1.000000000,0.000000000,0.000000000
1.633333366,-0.018333332,-0.468333332,0.350000000,0.000000000,1.000000000,0.000000000,0.000000000
1.650000033,-0.017499998,-0.467499998,0.350000000,0.000000000,1.000000000,0.000000000,0.000000000
1.666666700,-0.016666665,-0.466666665,0.350000000,0.000000000,1.000000000,0.000000000,0.000000000
1.683333367,-0.015833332,-0.465833332,0.350000000,0.000000000,1.000000000,0.000000000,0.000000000
1.700000034,-0.014999998,-0.464999998,0.350000000,0.000000000,1.000000000,0.000000000,0.000000000
1.716666701,-0.014166665,-0.464166665,0.350000000,0.000000000,1.000000000,0.000000000,0.000000000
1.733333368,-0.013333332,-0.463333332,0.350000000,0.000000000,1.000000000,0.000000000,0.000000000
1.750000035,-0.012499998,-0.462499998,0.350000000,0.000000000,1.000000000,0.000000000,0.000000000
1.766666702,-0.011666665,-0.461666665,0.350000000,0.000000000,1.000000000,0.000000000,0.000000000
1.783333369,-0.010833332,-0.460833332,0.350000000,0.000000000,1.000000000,0.000000000,0.000000000
1.800000036,-0.009999998,-0.459999998,0.350000000,0.000000000,1.000000000,0.000000000,0.000000000
1.816666703,-0.009166665,-0.459166665,0.350000000,0.000000000,1.000000000,0.000000000,0.000000000
1.833333370,-0.008333331,-0.458333331,0.350000000,0.000000000,1.000000000,0.000000000,0.000000000
1.850000037,-0.007499998,-0.457499998,0.350000000,0.000000000,1.000000000,0.000000000,0.000000000
1.866666704,-0.006666665,-0.456666665,0.350000000,0.000000000,1.000000000,0.000000000,0.000000000
1.883333371,-0.005833331,-0.455833331,0.350000000,0.000000000,1.000000000,0.000000000,0.000000000
1.900000038,-0.004999998,-0.454999998,0.350000000,0.000000000,1.000000000,0.000000000,0.000000000
1.916666705,-0.004166665,-0.454166665,0.350000000,0.000000000,1.000000000,0.000000000,0.000000000
1.933333372,-0.003333331,-0.453333331,0.350000000,0.000000000,1.000000000,0.000000000,0.000000000
1.950000039,-0.002499998,-0.452499998,0.350000000,0.000000000,1.000000000,0.000000000,0.000000000
1.966666706,-0.001666665,-0.451666665,0.350000000,0.000000000,1.000000000,0.000000000,0.000000000
1.983333373,-0.000833331,-0.450833331,0.350000000,0.000000000,1.000000000,0.000000000,0.000000000
2.000000040,0.000000000,-0.449999996,0.350000000,0.000000000,1.000000000,0.000000000,0.000000000
2.016666707,0.000000000,-0.448333329,0.350000000,0.000000000,1.000000000,0.000000000,0.000000000
2.033333374,0.000000000,-0.446666663,0.350000000,0.000000000,1.000000000,0.000000000,0.000000000
2.050000041,0.000000000,-0.444999996,0.350000000,0.000000000,1.000000000,0.000000000,0.000000000
2.066666708,0.000000000,-0.443333329,0.350000000,0.000000000,1.000000000,0.000000000,0.000000000
2.083333375,0.000000000,-0.441666662,0.350000000,0.000000000,1.000000000,0.000000000,0.000000000
2.100000042,0.000000000,-0.439999996,0.350000000,0.000000000,1.000000000,0.000000000,0.000000000
2.116666709,0.000000000,-0.438333329,0.350000000,0.000000000,1.000000000,0.000000000,0.000000000
2.133333376,0.000000000,-0.436666662,0.350000000,0.000000000,1.000000000,0.000000000,0.000000000
2.150000043,0.000000000,-0.434999996,0.350000000,0.000000000,1.000000000,0.000000000,0.000000000
2.166666710,0.000000000,-0.433333329,0.350000000,0.000000000,1.000000000,0.000000000,0.000000000
2.183333377,0.000000000,-0.431666662,0.350000000,0.000000000,1.000000000,0.000000000,0.000000000
2.200000044,0.000000000,-0.429999996,0.350000000,0.000000000,1.000000000,0.000000000,0.000000000
2.216666711,0.000000000,-0.428333329,0.350000000,0.000000000,1.000000000,0.000000000,0.000000000
2.233333378,0.000000000,-0.426666662,0.350000000,0.000000000,1.000000000,0.000000000,0.000000000
2.250000045,0.000000000,-0.424999995,0.350000000,0.000000000,1.000000000,0.000000000,0.000000000
2.266666712,0.000000000,-0.423333329,0.350000000,0.000000000,1.000000000,0.000000000,0.000000000
2.283333379,0.000000000,-0.421666662,0.350000000,0.000000000,1.000000000,0.000000000,0.000000000
2.300000046,0.000000000,-0.419999995,0.350000000,0.000000000,1.000000000,0.000000000,0.000000000
2.316666713,0.000000000,-0.418333329,0.350000000,0.000000000,1.000000000,0.000000000,0.000000000
2.333333380,0.000000000,-0.416666662,0.350000000,0.000000000,1.000000000,0.000000000,0.000000000
2.350000047,0.000000000,-0.414999995,0.350000000,0.000000000,1.000000000,0.000000000,0.000000000
2.366666714,0.000000000,-0.413333329,0.350000000,0.000000000,1.000000000,0.000000000,0.000000000
2.383333381,0.000000000,-0.411666662,0.350000000,0.000000000,1.000000000,0.000000000,0.000000000
2.400000048,0.000000000,-0.409999995,0.350000000,0.000000000,1.000000000,0.000000000,0.000000000
2.416666715,0.000000000,-0.408333328,0.350000000,0.000000000,1.000000000,0.000000000,0.000000000
2.433333382,0.000000000,-0.406666662,0.350000000,0.000000000,1.000000000,0.000000000,0.000000000
2.450000049,0.000000000,-0.404999995,0.350000000,0.000000000,1.000000000,0.000000000,0.000000000
2.466666716,0.000000000,-0.403333328,0.350000000,0.000000000,1.000000000,0.000000000,0.000000000
2.483333383,0.000000000,-0.401666662,0.350000000,0.000000000,1.000000000,0.000000000,0.000000000
2.500000050,0.000000000,-0.399999995,0.350000000,0.000000000,1.000000000,0.000000000,0.000000000
2.516666717,0.000000000,-0.398333328,0.350000000,0.000000000,1.000000000,0.000000000,0.000000000
2.533333384,0.000000000,-0.396666662,0.350000000,0.000000000,1.000000000,0.000000000,0.000000000
2.550000051,0.000000000,-0.394999995,0.350000000,0.000000000,1.000000000,0.000000000,0.000000000
2.566666718,0.000000000,-0.393333328,0.350000000,0.000000000,1.000000000,0.000000000,0.000000000
2.583333385,0.000000000,-0.391666661,0.350000000,0.000000000,1.000000000,0.000000000,0.000000000
2.600000052,0.000000000,-0.389999995,0.350000000,0.000000000,1.000000000,0.000000000,0.000000000
2.616666719,0.000000000,-0.388333328,0.350000000,0.000000000,1.000000000,0.000000000,0.000000000
2.633333386,0.000000000,-0.386666661,0.350000000,0.000000000,1.000000000,0.000000000,0.000000000
2.650000053,0.000000000,-0.384999995,0.350000000,0.000000000,1.000000000,0.000000000,0.000000000
2.666666720,0.000000000,-0.383333328,0.350000000,0.000000000,1.000000000,0.000000000,0.000000000
2.683333387,0.000000000,-0.381666661,0.350000000,0.000000000,1.000000000,0.000000000,0.000000000
2.700000054,0.000000000,-0.379999995,0.350000000,0.000000000,1.000000000,0.000000000,0.000000000
2.716666721,0.000000000,-0.378333328,0.350000000,0.000000000,1.000000000,0.000000000,0.000000000
2.733333388,0.000000000,-0.376666661,0.350000000,0.000000000,1.000000000,0.000000000,0.000000000
2.750000055,0.000000000,-0.374999994,0.350000000,0.000000000,1.000000000,0.000000000,0.000000000
2.766666722,0.000000000,-0.373333328,0.350000000,0.000000000,1.000000000,0.000000000,0.000000000
2.783333389,0.000000000,-0.371666661,0.350000000,0.000000000,1.000000000,0.000000000,0.000000000
2.800000056,0.000000000,-0.369999994,0.350000000,0.000000000,1.000000000,0.000000000,0.000000000
2.816666723,0.000000000,-0.368333328,0.350000000,0.000000000,1.000000000,0.000000000,0.000000000
2.833333390,0.000000000,-0.366666661,0.350000000,0.000000000,1.000000000,0.000000000,0.000000000
2.850000057,0.000000000,-0.364999994,0.350000000,0.000000000,1.000000000,0.000000000,0.000000000
2.866666724,0.000000000,-0.363333328,0.350000000,0.000000000,1.000000000,0.000000000,0.000000000
2.883333391,0.000000000,-0.361666661,0.350000000,0.000000000,1.000000000,0.000000000,0.000000000
2.900000058,0.000000000,-0.359999994,0.350000000,0.000000000,1.000000000,0.000000000,0.000000000
2.916666725,0.000000000,-0.358333327,0.350000000,0.000000000,1.000000000,0.000000000,0.000000000
2.933333392,0.000000000,-0.356666661,0.350000000,0.000000000,1.000000000,0.000000000,0.000000000
2.950000059,0.000000000,-0.354999994,0.350000000,0.000000000,1.000000000,0.000000000,0.000000000
2.966666726,0.000000000,-0.353333327,0.350000000,0.000000000,1.000000000,0.000000000,0.000000000
2.983333393,0.000000000,-0.351666661,0.350000000,0.000000000,1.000000000,0.000000000,0.000000000
3.000000060,-0.000000000,-0.349999994,0.350000000,0.000000000,1.000000000,0.000000000,0.000000000
3.016666727,-0.000013428,-0.348204865,0.350000000,0.000000000,1.000000000,0.000000000,0.000000000
3.033333394,-0.000053708,-0.346410137,0.350000000,0.000000000,1.000000000,0.000000000,0.000000000
3.050000061,-0.000120832,-0.344616214,0.350000000,0.000000000,1.000000000,0.000000000,0.000000000
3.066666728,-0.000214785,-0.342823495,0.350000000,0.000000000,1.000000000,0.000000000,0.000000000
3.083333395,-0.000335545,-0.341032382,0.350000000,0.000000000,1.000000000,0.000000000,0.000000000
3.100000062,-0.000483085,-0.339243276,0.350000000,0.000000000,1.000000000,0.000000000,0.000000000
3.116666729,-0.000657373,-0.337456578,0.350000000,0.000000000,1.000000000,0.000000000,0.000000000
3.133333396,-0.000858370,-0.335672686,0.350000000,0.000000000,1.000000000,0.000000000,0.000000000
3.150000063,-0.001086030,-0.333892001,0.350000000,0.000000000,1.000000000,0.000000000,0.000000000
3.166666730,-0.001340302,-0.332114921,0.350000000,0.000000000,1.000000000,0.000000000,0.000000000
3.183333397,-0.001621130,-0.330341844,0.350000000,0.000000000,1.000000000,0.000000000,0.000000000
3.200000064,-0.001928451,-0.328573166,0.350000000,0.000000000,1.000000000,0.000000000,0.000000000
3.216666731,-0.002262195,-0.326809283,0.350000000,0.000000000,1.000000000,0.000000000,0.000000000
3.233333398,-0.002622289,-0.325050590,0.350000000,0.000000000,1.000000000,0.000000000,0.000000000
3.250000065,-0.003008652,-0.323297481,0.350000000,0.000000000,1.000000000,0.000000000,0.000000000
3.266666732,-0.003421197,-0.321550348,0.350000000,0.000000000,1.000000000,0.000000000,0.000000000
3.283333399,-0.003859832,-0.319809581,0.350000000,0.000000000,1.000000000,0.000000000,0.000000000
3.300000066,-0.004324459,-0.318075572,0.350000000,0.000000000,1.000000000,0.000000000,0.000000000
3.316666733,-0.004814973,-0.316348706,0.350000000,0.000000000,1.000000000,0.000000000,0.000000000
3.333333400,-0.005331265,-0.314629372,0.350000000,0.000000000,1.000000000,0.000000000,0.000000000
3.350000067,-0.005873220,-0.312917954,0.350000000,0.000000000,1.000000000,0.000000000,0.000000000
3.366666734,-0.006440716,-0.311214834,0.350000000,0.000000000,1.000000000,0.000000000,0.000000000
3.383333401,-0.007033627,-0.309520395,0.350000000,0.000000000,1.000000000,0.000000000,0.000000000
3.400000068,-0.007651818,-0.307835014,0.350000000,0.000000000,1.000000000,0.000000000,0.000000000
3.416666735,-0.008295153,-0.306159070,0.350000000,0.000000000,1.000000000,0.000000000,0.000000000
3.433333402,-0.008963487,-0.304492938,0.350000000,0.000000000,1.000000000,0.000000000,0.000000000
3.450000069,-0.009656670,-0.302836989,0.350000000,0.000000000,1.000000000,0.000000000,0.000000000
3.466666736,-0.010374548,-0.301191596,0.350000000,0.000000000,1.000000000,0.000000000,0.000000000
3.483333403,-0.011116960,-0.299557126,0.350000000,0.000000000,1.000000000,0.000000000,0.000000000
3.500000070,-0.011883739,-0.297933945,0.350000000,0.000000000,1.000000000,0.000000000,0.000000000
3.516666737,-0.012674715,-0.296322415,0.350000000,0.000000000,1.000000000,0.000000000,0.000000000
3.533333404,-0.013489709,-0.294722899,0.350000000,0.000000000,1.000000000,0.000000000,0.000000000
3.550000071,-0.014328540,-0.293135754,0.350000000,0.000000000,1.000000000,0.000000000,0.000000000
3.566666738,-0.015191020,-0.291561334,0.350000000,0.000000000,1.000000000,0.000000000,0.000000000
3.583333405,-0.016076955,-0.289999993,0.350000000,0.000000000,1.000000000,0.000000000,0.000000000
3.600000072,-0.016986149,-0.288452080,0.350000000,0.000000000,1.000000000,0.000000000,0.000000000
3.616666739,-0.017918396,-0.286917941,0.350000000,0.000000000,1.000000000,0.000000000,0.000000000
3.633333406,-0.018873489,-0.285397919,0.350000000,0.000000000,1.000000000,0.000000000,0.000000000
3.650000073,-0.019851214,-0.283892356,0.350000000,0.000000000,1.000000000,0.000000000,0.000000000
3.666666740,-0.020851352,-0.282401586,0.350000000,0.000000000,1.000000000,0.000000000,0.000000000
3.683333407,-0.021873678,-0.280925946,0.350000000,0.000000000,1.000000000,0.000000000,0.000000000
3.700000074,-0.022917965,-0.279465763,0.350000000,0.000000000,1.000000000,0.000000000,0.000000000
3.716666741,-0.023983979,-0.278021366,0.350000000,0.000000000,1.000000000,0.000000000,0.000000000
3.733333408,-0.025071481,-0.276593078,0.350000000,0.000000000,1.000000000,0.000000000,0.000000000
3.750000075,-0.026180227,-0.275181217,0.350000000,0.000000000,1.000000000,0.000000000,0.000000000
3.766666742,-0.027309970,-0.273786101,0.350000000,0.000000000,1.000000000,0.000000000,0.000000000
3.783333409,-0.028460457,-0.272408042,0.350000000,0.000000000,1.000000000,0.000000000,0.000000000
3.800000076,-0.029631430,-0.271047347,0.350000000,0.000000000,1.000000000,0.000000000,0.000000000
3.816666743,-0.030822627,-0.269704321,0.350000000,0.000000000,1.000000000,0.000000000,0.000000000
3.833333410,-0.032033781,-0.268379265,0.350000000,0.000000000,1.000000000,0.000000000,0.000000000
3.850000077,-0.033264622,-0.267072476,0.350000000,0.000000000,1.000000000,0.000000000,0.000000000
3.866666744,-0.034514874,-0.265784246,0.350000000,0.000000000,1.000000000,0.000000000,0.000000000
3.883333411,-0.035784258,-0.264514863,0.350000000,0.000000000,1.000000000,0.000000000,0.000000000
3.900000078,-0.037072488,-0.263264611,0.350000000,0.000000000,1.000000000,0.000000000,0.000000000
3.916666745,-0.038379278,-0.262033770,0.350000000,0.000000000,1.000000000,0.000000000,0.000000000
3.933333412,-0.039704334,-0.260822615,0.350000000,0.000000000,1.000000000,0.000000000,0.000000000
3.950000079,-0.041047359,-0.259631419,0.350000000,0.000000000,1.000000000,0.000000000,0.000000000
3.966666746,-0.042408054,-0.258460446,0.350000000,0.000000000,1.000000000,0.000000000,0.000000000
3.983333413,-0.043786114,-0.257309959,0.350000000,0.000000000,1.000000000,0.000000000,0.000000000
4.000000080,-0.045181231,-0.256180217,0.350000000,0.000000000,1.000000000,0.000000000,0.000000000
4.016666747,-0.046593091,-0.255071471,0.350000000,0.000000000,1.000000000,0.000000000,0.000000000
4.033333414,-0.048021380,-0.253983969,0.350000000,0.000000000,1.000000000,0.000000000,0.000000000
4.050000081,-0.049465777,-0.252917956,0.350000000,0.000000000,1.000000000,0.000000000,0.000000000
4.066666748,-0.050925959,-0.251873669,0.350000000,0.000000000,1.000000000,0.000000000,0.000000000
4.083333415,-0.052401600,-0.250851342,0.350000000,0.000000000,1.000000000,0.000000000,0.000000000
4.100000082,-0.053892370,-0.249851205,0.350000000,0.000000000,1.000000000,0.000000000,0.000000000
4.116666749,-0.055397934,-0.248873480,0.350000000,0.000000000,1.000000000,0.000000000,0.000000000
4.133333416,-0.056917955,-0.247918387,0.350000000,0.000000000,1.000000000,0.000000000,0.000000000
4.150000083,-0.058452094,-0.246986140,0.350000000,0.000000000,1.000000000,0.000000000,0.000000000
4.166666750,-0.060000008,-0.246076947,0.350000000,0.000000000,1.000000000,0.000000000,0.000000000
4.183333417,-0.061561349,-0.245191012,0.350000000,0.000000000,1.000000000,0.000000000,0.000000000
4.200000084,-0.063135769,-0.244328532,0.350000000,0.000000000,1.000000000,0.000000000,0.000000000
4.216666751,-0.064722914,-0.243489701,0.350000000,0.000000000,1.000000000,0.000000000,0.000000000
4.233333418,-0.066322430,-0.242674707,0.350000000,0.000000000,1.000000000,0.000000000,0.000000000
4.250000085,-0.067933960,-0.241883732,0.350000000,0.000000000,1.000000000,0.000000000,0.000000000
4.266666752,-0.069557141,-0.241116953,0.350000000,0.000000000,1.000000000,0.000000000,0.000000000
4.283333419,-0.071191611,-0.240374541,0.350000000,0.000000000,1.000000000,0.000000000,0.000000000
4.300000086,-0.072837005,-0.239656664,0.350000000,0.000000000,1.000000000,0.000000000,0.000000000
4.316666753,-0.074492953,-0.238963480,0.350000000,0.000000000,1.000000000,0.000000000,0.000000000
4.333333420,-0.076159086,-0.238295147,0.350000000,0.000000000,1.000000000,0.000000000,0.000000000
4.350000087,-0.077835030,-0.237651812,0.350000000,0.000000000,1.000000000,0.000000000,0.000000000
4.366666754,-0.079520410,-0.237033621,0.350000000,0.000000000,1.000000000,0.000000000,0.000000000
4.383333421,-0.081214850,-0.236440711,0.350000000,0.000000000,1.000000000,0.000000000,0.000000000
4.400000088,-0.082917970,-0.235873215,0.350000000,0.000000000,1.000000000,0.000000000,0.000000000
4.416666755,-0.084629388,-0.235331261,0.350000000,0.000000000,1.000000000,0.000000000,0.000000000
4.433333422,-0.086348723,-0.234814968,0.350000000,0.000000000,1.000000000,0.000000000,0.000000000
4.450000089,-0.088075588,-0.234324454,0.350000000,0.000000000,1.000000000,0.000000000,0.000000000
4.466666756,-0.089809598,-0.233859828,0.350000000,0.000000000,1.000000000,0.000000000,0.000000000
4.483333423,-0.091550364,-0.233421193,0.350000000,0.000000000,1.000000000,0.000000000,0.000000000
4.500000090,-0.093297497,-0.233008648,0.350000000,0.000000000,1.000000000,0.000000000,0.000000000
4.516666757,-0.095050607,-0.232622286,0.350000000,0.000000000,1.000000000,0.000000000,0.000000000
4.533333424,-0.096809299,-0.232262192,0.350000000,0.000000000,1.000000000,0.000000000,0.000000000
4.550000091,-0.098573182,-0.231928448,0.350000000,0.000000000,1.000000000,0.000000000,0.000000000
4.566666758,-0.100341860,-0.231621127,0.350000000,0.000000000,1.000000000,0.000000000,0.000000000
4.583333425,-0.102114938,-0.231340299,0.350000000,0.000000000,1.000000000,0.000000000,0.000000000
4.600000092,-0.103892018,-0.231086027,0.350000000,0.000000000,1.000000000,0.000000000,0.000000000
4.616666759,-0.105672703,-0.230858368,0.350000000,0.000000000,1.000000000,0.000000000,0.000000000
4.633333426,-0.107456594,-0.230657372,0.350000000,0.000000000,1.000000000,0.000000000,0.000000000
4.650000093,-0.109243293,-0.230483084,0.350000000,0.000000000,1.000000000,0.000000000,0.000000000
4.666666760,-0.111032399,-0.230335544,0.350000000,0.000000000,1.000000000,0.000000000,0.000000000
4.683333427,-0.112823512,-0.230214784,0.350000000,0.000000000,1.000000000,0.000000000,0.000000000
4.700000094,-0.114616230,-0.230120832,0.350000000,0.000000000,1.000000000,0.000000000,0.000000000
4.716666761,-0.116410154,-0.230053708,0.350000000,0.000000000,1.000000000,0.000000000,0.000000000
4.733333428,-0.118204881,-0.230013428,0.350000000,0.000000000,1.000000000,0.000000000,0.000000000
4.750000095,-0.120000010,-0.230000000,0.350000000,0.000000000,1.000000000,0.000000000,0.000000000
4.766666762,-0.121795139,-0.230013428,0.350000000,0.000000000,1.000000000,0.000000000,0.000000000
4.783333429,-0.123589866,-0.230053709,0.350000000,0.000000000,1.000000000,0.000000000,0.000000000
4.800000096,-0.125383790,-0.230120833,0.350000000,0.000000000,1.000000000,0.000000000,0.000000000
4.816666763,-0.127176509,-0.230214785,0.350000000,0.000000000,1.000000000,0.000000000,0.000000000
4.833333430,-0.128967622,-0.230335545,0.350000000,0.000000000,1.000000000,0.000000000,0.000000000
4.850000097,-0.130756728,-0.230483086,0.350000000,0.000000000,1.000000000,0.000000000,0.000000000
4.866666764,-0.132543426,-0.230657374,0.350000000,0.000000000,1.000000000,0.000000000,0.000000000
4.883333431,-0.134327317,-0.230858370,0.350000000,0.000000000,1.000000000,0.000000000,0.000000000
4.900000098,-0.136108002,-0.231086030,0.350000000,0.000000000,1.000000000,0.000000000,0.000000000
4.916666765,-0.137885082,-0.231340303,0.350000000,0.000000000,1.000000000,0.000000000,0.000000000
4.933333432,-0.139658160,-0.231621131,0.350000000,0.000000000,1.000000000,0.000000000,0.000000000
4.950000099,-0.141426838,-0.231928451,0.350000000,0.000000000,1.000000000,0.000000000,0.000000000
4.966666766,-0.143190721,-0.232262196,0.350000000,0.000000000,1.000000000,0.000000000,0.000000000
4.983333433,-0.144949413,-0.232622290,0.350000000,0.000000000,1.000000000,0.000000000,0.000000000
5.000000100,-0.146702523,-0.233008653,0.350000000,0.000000000,1.000000000,0.000000000,0.000000000
5.016666767,-0.148449656,-0.233421198,0.350000000,0.000000000,1.000000000,0.000000000,0.000000000
5.033333434,-0.150190422,-0.233859833,0.350000000,0.000000000,1.000000000,0.000000000,0.000000000
5.050000101,-0.151924432,-0.234324460,0.350000000,0.000000000,1.000000000,0.000000000,0.000000000
5.066666768,-0.153651297,-0.234814974,0.350000000,0.000000000,1.000000000,0.000000000,0.000000000
5.083333435,-0.155370631,-0.235331267,0.350000000,0.000000000,1.000000000,0.000000000,0.000000000
5.100000102,-0.157082050,-0.235873222,0.350000000,0.000000000,1.000000000,0.000000000,0.000000000
5.116666769,-0.158785169,-0.236440718,0.350000000,0.000000000,1.000000000,0.000000000,0.000000000
5.133333436,-0.160479609,-0.237033628,0.350000000,0.000000000,1.000000000,0.000000000,0.000000000
5.150000103,-0.162164989,-0.237651819,0.350000000,0.000000000,1.000000000,0.000000000,0.000000000
5.166666770,-0.163840933,-0.238295154,0.350000000,0.000000000,1.000000000,0.000000000,0.000000000
5.183333437,-0.165507066,-0.238963488,0.350000000,0.000000000,1.000000000,0.000000000,0.000000000
5.200000104,-0.167163014,-0.239656672,0.350000000,0.000000000,1.000000000,0.000000000,0.000000000
5.216666771,-0.168808407,-0.240374550,0.350000000,0.000000000,1.000000000,0.000000000,0.000000000
5.233333438,-0.170442878,-0.241116961,0.350000000,0.000000000,1.000000000,0.000000000,0.000000000
5.250000105,-0.172066059,-0.241883741,0.350000000,0.000000000,1.000000000,0.000000000,0.000000000
5.266666772,-0.173677588,-0.242674716,0.350000000,0.000000000,1.000000000,0.000000000,0.000000000
5.283333439,-0.175277104,-0.243489711,0.350000000,0.000000000,1.000000000,0.000000000,0.000000000
5.300000106,-0.176864250,-0.244328542,0.350000000,0.000000000,1.000000000,0.000000000,0.000000000
5.316666773,-0.178438669,-0.245191022,0.350000000,0.000000000,1.000000000,0.000000000,0.000000000
5.333333440,-0.180000010,-0.246076957,0.350000000,0.000000000,1.000000000,0.000000000,0.000000000
5.350000107,-0.181547923,-0.246986151,0.350000000,0.000000000,1.000000000,0.000000000,0.000000000
5.366666774,-0.183082062,-0.247918398,0.350000000,0.000000000,1.000000000,0.000000000,0.000000000
5.383333441,-0.184602084,-0.248873491,0.350000000,0.000000000,1.000000000,0.000000000,0.000000000
5.400000108,-0.186107647,-0.249851216,0.350000000,0.000000000,1.000000000,0.000000000,0.000000000
5.416666775,-0.187598417,-0.250851354,0.350000000,0.000000000,1.000000000,0.000000000,0.000000000
5.433333442,-0.189074057,-0.251873681,0.350000000,0.000000000,1.000000000,0.000000000,0.000000000
5.450000109,-0.190534240,-0.252917968,0.350000000,0.000000000,1.000000000,0.000000000,0.000000000
5.466666776,-0.191978637,-0.253983981,0.350000000,0.000000000,1.000000000,0.000000000,0.000000000
5.483333443,-0.193406925,-0.255071483,0.350000000,0.000000000,1.000000000,0.000000000,0.000000000
5.500000110,-0.194818785,-0.256180230,0.350000000,0.000000000,1.000000000,0.000000000,0.000000000
5.516666777,-0.196213902,-0.257309973,0.350000000,0.000000000,1.000000000,0.000000000,0.000000000
5.533333444,-0.197591961,-0.258460459,0.350000000,0.000000000,1.000000000,0.000000000,0.000000000
5.550000111,-0.198952656,-0.259631432,0.350000000,0.000000000,1.000000000,0.000000000,0.000000000
5.566666778,-0.200295682,-0.260822629,0.350000000,0.000000000,1.000000000,0.000000000,0.000000000
5.583333445,-0.201620737,-0.262033784,0.350000000,0.000000000,1.000000000,0.000000000,0.000000000
5.600000112,-0.202927527,-0.263264625,0.350000000,0.000000000,1.000000000,0.000000000,0.000000000
5.616666779,-0.204215757,-0.264514877,0.350000000,0.000000000,1.000000000,0.000000000,0.000000000
5.633333446,-0.205485140,-0.265784260,0.350000000,0.000000000,1.000000000,0.000000000,0.000000000
5.650000113,-0.206735392,-0.267072491,0.350000000,0.000000000,1.000000000,0.000000000,0.000000000
5.666666780,-0.207966233,-0.268379281,0.350000000,0.000000000,1.000000000,0.000000000,0.000000000
5.683333447,-0.209177387,-0.269704336,0.350000000,0.000000000,1.000000000,0.000000000,0.000000000
5.700000114,-0.210368584,-0.271047362,0.350000000,0.000000000,1.000000000,0.000000000,0.000000000
5.716666781,-0.211539557,-0.272408057,0.350000000,0.000000000,1.000000000,0.000000000,0.000000000
5.733333448,-0.212690043,-0.273786117,0.350000000,0.000000000,1.000000000,0.000000000,0.000000000
5.750000115,-0.213819786,-0.275181234,0.350000000,0.000000000,1.000000000,0.000000000,0.000000000
5.766666782,-0.214928532,-0.276593094,0.350000000,0.000000000,1.000000000,0.000000000,0.000000000
5.783333449,-0.216016033,-0.278021383,0.350000000,0.000000000,1.000000000,0.000000000,0.000000000
5.800000116,-0.217082047,-0.279465780,0.350000000,0.000000000,1.000000000,0.000000000,0.000000000
5.816666783,-0.218126333,-0.280925962,0.350000000,0.000000000,1.000000000,0.000000000,0.000000000
5.833333450,-0.219148660,-0.282401603,0.350000000,0.000000000,1.000000000,0.000000000,0.000000000
5.850000117,-0.220148797,-0.283892373,0.350000000,0.000000000,1.000000000,0.000000000,0.000000000
5.866666784,-0.221126522,-0.285397937,0.350000000,0.000000000,1.000000000,0.000000000,0.000000000
5.883333451,-0.222081614,-0.286917958,0.350000000,0.000000000,1.000000000,0.000000000,0.000000000
5.900000118,-0.223013862,-0.288452098,0.350000000,0.000000000,1.000000000,0.000000000,0.000000000
5.916666785,-0.223923055,-0.290000011,0.350000000,0.000000000,1.000000000,0.000000000,0.000000000
5.933333452,-0.224808990,-0.291561352,0.350000000,0.000000000,1.000000000,0.000000000,0.000000000
5.950000119,-0.225671470,-0.293135772,0.350000000,0.000000000,1.000000000,0.000000000,0.000000000
5.966666786,-0.226510301,-0.294722917,0.350000000,0.000000000,1.000000000,0.000000000,0.000000000
5.983333453,-0.227325295,-0.296322434,0.350000000,0.000000000,1.000000000,0.000000000,0.000000000
6.000000120,-0.228116270,-0.297933963,0.350000000,0.000000000,1.000000000,0.000000000,0.000000000
6.016666787,-0.228883049,-0.299557144,0.350000000,0.000000000,1.000000000,0.000000000,0.000000000
6.033333454,-0.229625460,-0.301191615,0.350000000,0.000000000,1.000000000,0.000000000,0.000000000
6.050000121,-0.230343338,-0.302837008,0.350000000,0.000000000,1.000000000,0.000000000,0.000000000
6.066666788,-0.231036521,-0.304492957,0.350000000,0.000000000,1.000000000,0.000000000,0.000000000
6.083333455,-0.231704855,-0.306159089,0.350000000,0.000000000,1.000000000,0.000000000,0.000000000
6.100000122,-0.232348189,-0.307835034,0.350000000,0.000000000,1.000000000,0.000000000,0.000000000
6.116666789,-0.232966380,-0.309520414,0.350000000,0.000000000,1.000000000,0.000000000,0.000000000
6.133333456,-0.233559290,-0.311214854,0.350000000,0.000000000,1.000000000,0.000000000,0.000000000
6.150000123,-0.234126786,-0.312917973,0.350000000,0.000000000,1.000000000,0.000000000,0.000000000
6.166666790,-0.234668741,-0.314629392,0.350000000,0.000000000,1.000000000,0.000000000,0.000000000
6.183333457,-0.235185033,-0.316348726,0.350000000,0.000000000,1.000000000,0.000000000,0.000000000
6.200000124,-0.235675547,-0.318075591,0.350000000,0.000000000,1.000000000,0.000000000,0.000000000
6.216666791,-0.236140173,-0.319809601,0.350000000,0.000000000,1.000000000,0.000000000,0.000000000
6.233333458,-0.236578808,-0.321550368,0.350000000,0.000000000,1.000000000,0.000000000,0.000000000
6.250000125,-0.236991352,-0.323297501,0.350000000,0.000000000,1.000000000,0.000000000,0.000000000
6.266666792,-0.237377715,-0.325050610,0.350000000,0.000000000,1.000000000,0.000000000,0.000000000
6.283333459,-0.237737809,-0.326809303,0.350000000,0.000000000,1.000000000,0.000000000,0.000000000
6.300000126,-0.238071553,-0.328573186,0.350000000,0.000000000,1.000000000,0.000000000,0.000000000
6.316666793,-0.238378873,-0.330341864,0.350000000,0.000000000,1.000000000,0.000000000,0.000000000
6.333333460,-0.238659701,-0.332114942,0.350000000,0.000000000,1.000000000,0.000000000,0.000000000
6.350000127,-0.238913973,-0.333892022,0.350000000,0.000000000,1.000000000,0.000000000,0.000000000
6.366666794,-0.239141633,-0.335672707,0.350000000,0.000000000,1.000000000,0.000000000,0.000000000
6.383333461,-0.239342629,-0.337456598,0.350000000,0.000000000,1.000000000,0.000000000,0.000000000
6.400000128,-0.239516916,-0.339243297,0.350000000,0.000000000,1.000000000,0.000000000,0.000000000
6.416666795,-0.239664457,-0.341032403,0.350000000,0.000000000,1.000000000,0.000000000,0.000000000
6.433333462,-0.239785216,-0.342823515,0.350000000,0.000000000,1.000000000,0.000000000,0.000000000
6.450000129,-0.239879169,-0.344616234,0.350000000,0.000000000,1.000000000,0.000000000,0.000000000
6.466666796,-0.239946292,-0.346410158,0.350000000,0.000000000,1.000000000,0.000000000,0.000000000
6.483333463,-0.239986572,-0.348204885,0.350000000,0.000000000,1.000000000,0.000000000,0.000000000
6.500000130,-0.240000000,-0.350000014,0.350000000,0.000000000,1.000000000,0.000000000,0.000000000
6.516666797,-0.239986572,-0.351795143,0.350000000,0.000000000,1.000000000,0.000000000,0.000000000
6.533333464,-0.239946291,-0.353589870,0.350000000,0.000000000,1.000000000,0.000000000,0.000000000
6.550000131,-0.239879167,-0.355383794,0.350000000,0.000000000,1.000000000,0.000000000,0.000000000
6.566666798,-0.239785215,-0.357176513,0.350000000,0.000000000,1.000000000,0.000000000,0.000000000
6.583333465,-0.239664454,-0.358967625,0.350000000,0.000000000,1.000000000,0.000000000,0.000000000
6.600000132,-0.239516914,-0.360756731,0.350000000,0.000000000,1.000000000,0.000000000,0.000000000
6.616666799,-0.239342626,-0.362543430,0.350000000,0.000000000,1.000000000,0.000000000,0.000000000
6.633333466,-0.239141629,-0.364327321,0.350000000,0.000000000,1.000000000,0.000000000,0.000000000
6.650000133,-0.238913969,-0.366108006,0.350000000,0.000000000,1.000000000,0.000000000,0.000000000
6.666666800,-0.238659697,-0.367885086,0.350000000,0.000000000,1.000000000,0.000000000,0.000000000
6.683333467,-0.238378869,-0.369658164,0.350000000,0.000000000,1.000000000,0.000000000,0.000000000
6.700000134,-0.238071548,-0.371426842,0.350000000,0.000000000,1.000000000,0.000000000,0.000000000
6.716666801,-0.237737803,-0.373190724,0.350000000,0.000000000,1.000000000,0.000000000,0.000000000
6.733333468,-0.237377709,-0.374949417,0.350000000,0.000000000,1.000000000,0.000000000,0.000000000
6.750000135,-0.236991346,-0.376702526,0.350000000,0.000000000,1.000000000,0.000000000,0.000000000
6.766666802,-0.236578801,-0.378449660,0.350000000,0.000000000,1.000000000,0.000000000,0.000000000
6.783333469,-0.236140166,-0.380190426,0.350000000,0.000000000,1.000000000,0.000000000,0.000000000
6.800000136,-0.235675539,-0.381924436,0.350000000,0.000000000,1.000000000,0.000000000,0.000000000
6.816666803,-0.235185025,-0.383651301,0.350000000,0.000000000,1.000000000,0.000000000,0.000000000
6.833333470,-0.234668732,-0.385370635,0.350000000,0.000000000,1.000000000,0.000000000,0.000000000
6.850000137,-0.234126777,-0.387082053,0.350000000,0.000000000,1.000000000,0.000000000,0.000000000
6.866666804,-0.233559281,-0.388785173,0.350000000,0.000000000,1.000000000,0.000000000,0.000000000
6.883333471,-0.232966371,-0.390479612,0.350000000,0.000000000,1.000000000,0.000000000,0.000000000
6.900000138,-0.232348179,-0.392164993,0.350000000,0.000000000,1.000000000,0.000000000,0.000000000
6.916666805,-0.231704844,-0.393840937,0.350000000,0.000000000,1.000000000,0.000000000,0.000000000
6.933333472,-0.231036510,-0.395507069,0.350000000,0.000000000,1.000000000,0.000000000,0.000000000
6.950000139,-0.230343327,-0.397163018,0.350000000,0.000000000,1.000000000,0.000000000,0.000000000
6.966666806,-0.229625449,-0.398808411,0.350000000,0.000000000,1.000000000,0.000000000,0.000000000
6.983333473,-0.228883037,-0.400442881,0.350000000,0.000000000,1.000000000,0.000000000,0.000000000
7.000000140,-0.228116258,-0.402066062,0.350000000,0.000000000,1.000000000,0.000000000,0.000000000
7.016666807,-0.227325282,-0.403677591,0.350000000,0.000000000,1.000000000,0.000000000,0.000000000
7.033333474,-0.226510288,-0.405277107,0.350000000,0.000000000,1.000000000,0.000000000,0.000000000
7.050000141,-0.225671456,-0.406864253,0.350000000,0.000000000,1.000000000,0.000000000,0.000000000
7.066666808,-0.224808977,-0.408438672,0.350000000,0.000000000,1.000000000,0.000000000,0.000000000
7.083333475,-0.223923041,-0.410000013,0.350000000,0.000000000,1.000000000,0.000000000,0.000000000
7.100000142,-0.223013847,-0.411547926,0.350000000,0.000000000,1.000000000,0.000000000,0.000000000
7.116666809,-0.222081600,-0.413082065,0.350000000,0.000000000,1.000000000,0.000000000,0.000000000
7.133333476,-0.221126507,-0.414602087,0.350000000,0.000000000,1.000000000,0.000000000,0.000000000
7.150000143,-0.220148782,-0.416107651,0.350000000,0.000000000,1.000000000,0.000000000,0.000000000
7.166666810,-0.219148644,-0.417598420,0.350000000,0.000000000,1.000000000,0.000000000,0.000000000
7.183333477,-0.218126317,-0.419074060,0.350000000,0.000000000,1.000000000,0.000000000,0.000000000
7.200000144,-0.217082030,-0.420534243,0.350000000,0.000000000,1.000000000,0.000000000,0.000000000
7.216666811,-0.216016016,-0.421978640,0.350000000,0.000000000,1.000000000,0.000000000,0.000000000
7.233333478,-0.214928515,-0.423406928,0.350000000,0.000000000,1.000000000,0.000000000,0.000000000
7.250000145,-0.213819768,-0.424818788,0.350000000,0.000000000,1.000000000,0.000000000,0.000000000
7.266666812,-0.212690025,-0.426213904,0.350000000,0.000000000,1.000000000,0.000000000,0.000000000
7.283333479,-0.211539538,-0.427591964,0.350000000,0.000000000,1.000000000,0.000000000,0.000000000
7.300000146,-0.210368565,-0.428952659,0.350000000,0.000000000,1.000000000,0.000000000,0.000000000
7.316666813,-0.209177368,-0.430295684,0.350000000,0.000000000,1.000000000,0.000000000,0.000000000
7.333333480,-0.207966214,-0.431620740,0.350000000,0.000000000,1.000000000,0.000000000,0.000000000
7.350000147,-0.206735373,-0.432927529,0.350000000,0.000000000,1.000000000,0.000000000,0.000000000
7.366666814,-0.205485120,-0.434215760,0.350000000,0.000000000,1.000000000,0.000000000,0.000000000
7.383333481,-0.204215737,-0.435485143,0.350000000,0.000000000,1.000000000,0.000000000,0.000000000
7.400000148,-0.202927506,-0.436735395,0.350000000,0.000000000,1.000000000,0.000000000,0.000000000
7.416666815,-0.201620717,-0.437966235,0.350000000,0.000000000,1.000000000,0.000000000,0.000000000
7.433333482,-0.200295661,-0.439177390,0.350000000,0.000000000,1.000000000,0.000000000,0.000000000
7.450000149,-0.198952635,-0.440368586,0.350000000,0.000000000,1.000000000,0.000000000,0.000000000
7.466666816,-0.197591940,-0.441539559,0.350000000,0.000000000,1.000000000,0.000000000,0.000000000
7.483333483,-0.196213880,-0.442690045,0.350000000,0.000000000,1.000000000,0.000000000,0.000000000
7.500000150,-0.194818764,-0.443819788,0.350000000,0.000000000,1.000000000,0.000000000,0.000000000
7.516666817,-0.193406903,-0.444928534,0.350000000,0.000000000,1.000000000,0.000000000,0.000000000
7.533333484,-0.191978614,-0.446016035,0.350000000,0.000000000,1.000000000,0.000000000,0.000000000
7.550000151,-0.190534217,-0.447082049,0.350000000,0.000000000,1.000000000,0.000000000,0.000000000
7.566666818,-0.189074034,-0.448126336,0.350000000,0.000000000,1.000000000,0.000000000,0.000000000
7.583333485,-0.187598393,-0.449148662,0.350000000,0.000000000,1.000000000,0.000000000,0.000000000
7.600000152,-0.186107624,-0.450148799,0.350000000,0.000000000,1.000000000,0.000000000,0.000000000
7.616666819,-0.184602060,-0.451126524,0.350000000,0.000000000,1.000000000,0.000000000,0.000000000
7.633333486,-0.183082038,-0.452081616,0.350000000,0.000000000,1.000000000,0.000000000,0.000000000
7.650000153,-0.181547899,-0.453013864,0.350000000,0.000000000,1.000000000,0.000000000,0.000000000
7.666666820,-0.179999986,-0.453923057,0.350000000,0.000000000,1.000000000,0.000000000,0.000000000
7.683333487,-0.178438644,-0.454808992,0.350000000,0.000000000,1.000000000,0.000000000,0.000000000
7.700000154,-0.176864225,-0.455671472,0.350000000,0.000000000,1.000000000,0.000000000,0.000000000
7.716666821,-0.175277079,-0.456510302,0.350000000,0.000000000,1.000000000,0.000000000,0.000000000
7.733333488,-0.173677563,-0.457325296,0.350000000,0.000000000,1.000000000,0.000000000,0.000000000
7.750000155,-0.172066034,-0.458116271,0.350000000,0.000000000,1.000000000,0.000000000,0.000000000
7.766666822,-0.170442852,-0.458883050,0.350000000,0.000000000,1.000000000,0.000000000,0.000000000
7.783333489,-0.168808382,-0.459625462,0.350000000,0.000000000,1.000000000,0.000000000,0.000000000
7.800000156,-0.167162988,-0.460343339,0.350000000,0.000000000,1.000000000,0.000000000,0.000000000
7.816666823,-0.165507040,-0.461036522,0.350000000,0.000000000,1.000000000,0.000000000,0.000000000
7.833333490,-0.163840907,-0.461704856,0.350000000,0.000000000,1.000000000,0.000000000,0.000000000
7.850000157,-0.162164963,-0.462348190,0.350000000,0.000000000,1.000000000,0.000000000,0.000000000
7.866666824,-0.160479582,-0.462966382,0.350000000,0.000000000,1.000000000,0.000000000,0.000000000
7.883333491,-0.158785143,-0.463559291,0.350000000,0.000000000,1.000000000,0.000000000,0.000000000
7.900000158,-0.157082023,-0.464126787,0.350000000,0.000000000,1.000000000,0.000000000,0.000000000
7.916666825,-0.155370605,-0.464668742,0.350000000,0.000000000,1.000000000,0.000000000,0.000000000
7.933333492,-0.153651270,-0.465185034,0.350000000,0.000000000,1.000000000,0.000000000,0.000000000
7.950000159,-0.151924405,-0.465675548,0.350000000,0.000000000,1.000000000,0.000000000,0.000000000
7.966666826,-0.150190395,-0.466140174,0.350000000,0.000000000,1.000000000,0.000000000,0.000000000
7.983333493,-0.148449629,-0.466578809,0.350000000,0.000000000,1.000000000,0.000000000,0.000000000
8.000000160,-0.146702495,-0.466991353,0.350000000,0.000000000,1.000000000,0.000000000,0.000000000
8.016666827,-0.144949386,-0.467377716,0.350000000,0.000000000,1.000000000,0.000000000,0.000000000
8.033333494,-0.143190693,-0.467737809,0.350000000,0.000000000,1.000000000,0.000000000,0.000000000
8.050000161,-0.141426810,-0.468071554,0.350000000,0.000000000,1.000000000,0.000000000,0.000000000
8.066666828,-0.139658132,-0.468378874,0.350000000,0.000000000,1.000000000,0.000000000,0.000000000
8.083333495,-0.137885055,-0.468659702,0.350000000,0.000000000,1.000000000,0.000000000,0.000000000
8.100000162,-0.136107974,-0.468913974,0.350000000,0.000000000,1.000000000,0.000000000,0.000000000
8.116666829,-0.134327289,-0.469141633,0.350000000,0.000000000,1.000000000,0.000000000,0.000000000
8.133333496,-0.132543398,-0.469342629,0.350000000,0.000000000,1.000000000,0.000000000,0.000000000
8.150000163,-0.130756700,-0.469516917,0.350000000,0.000000000,1.000000000,0.000000000,0.000000000
8.166666830,-0.128967594,-0.469664457,0.350000000,0.000000000,1.000000000,0.000000000,0.000000000
8.183333497,-0.127176481,-0.469785216,0.350000000,0.000000000,1.000000000,0.000000000,0.000000000
8.200000164,-0.125383762,-0.469879169,0.350000000,0.000000000,1.000000000,0.000000000,0.000000000
8.216666831,-0.123589838,-0.469946292,0.350000000,0.000000000,1.000000000,0.000000000,0.000000000
8.233333498,-0.121795111,-0.469986572,0.350000000,0.000000000,1.000000000,0.000000000,0.000000000
8.250000165,-0.119999982,-0.470000000,0.350000000,0.000000000,1.000000000,0.000000000,0.000000000
8.266666832,-0.118204853,-0.469986572,0.350000000,0.000000000,1.000000000,0.000000000,0.000000000
8.283333499,-0.116410126,-0.469946291,0.350000000,0.000000000,1.000000000,0.000000000,0.000000000
8.300000166,-0.114616203,-0.469879167,0.350000000,0.000000000,1.000000000,0.000000000,0.000000000
8.316666833,-0.112823484,-0.469785214,0.350000000,0.000000000,1.000000000,0.000000000,0.000000000
8.333333500,-0.111032371,-0.469664454,0.350000000,0.000000000,1.000000000,0.000000000,0.000000000
8.350000167,-0.109243265,-0.469516914,0.350000000,0.000000000,1.000000000,0.000000000,0.000000000
8.366666834,-0.107456566,-0.469342625,0.350000000,0.000000000,1.000000000,0.000000000,0.000000000
8.383333501,-0.105672675,-0.469141629,0.350000000,0.000000000,1.000000000,0.000000000,0.000000000
8.400000168,-0.103891990,-0.468913969,0.350000000,0.000000000,1.000000000,0.000000000,0.000000000
8.416666835,-0.102114910,-0.468659696,0.350000000,0.000000000,1.000000000,0.000000000,0.000000000
8.433333502,-0.100341833,-0.468378868,0.350000000,0.000000000,1.000000000,0.000000000,0.000000000
8.450000169,-0.098573155,-0.468071547,0.350000000,0.000000000,1.000000000,0.000000000,0.000000000
8.466666836,-0.096809272,-0.467737802,0.350000000,0.000000000,1.000000000,0.000000000,0.000000000
8.483333503,-0.095050579,-0.467377708,0.350000000,0.000000000,1.000000000,0.000000000,0.000000000
8.500000170,-0.093297470,-0.466991345,0.350000000,0.000000000,1.000000000,0.000000000,0.000000000
8.516666837,-0.091550337,-0.466578800,0.350000000,0.000000000,1.000000000,0.000000000,0.000000000
8.533333504,-0.089809571,-0.466140165,0.350000000,0.000000000,1.000000000,0.000000000,0.000000000
8.550000171,-0.088075561,-0.465675538,0.350000000,0.000000000,1.000000000,0.000000000,0.000000000
8.566666838,-0.086348696,-0.465185024,0.350000000,0.000000000,1.000000000,0.000000000,0.000000000
8.583333505,-0.084629361,-0.464668731,0.350000000,0.000000000,1.000000000,0.000000000,0.000000000
8.600000172,-0.082917943,-0.464126776,0.350000000,0.000000000,1.000000000,0.000000000,0.000000000
8.616666839,-0.081214824,-0.463559280,0.350000000,0.000000000,1.000000000,0.000000000,0.000000000
8.633333506,-0.079520384,-0.462966370,0.350000000,0.000000000,1.000000000,0.000000000,0.000000000
8.650000173,-0.077835004,-0.462348178,0.350000000,0.000000000,1.000000000,0.000000000,0.000000000
8.666666840,-0.076159060,-0.461704843,0.350000000,0.000000000,1.000000000,0.000000000,0.000000000
8.683333507,-0.074492927,-0.461036509,0.350000000,0.000000000,1.000000000,0.000000000,0.000000000
8.700000174,-0.072836979,-0.460343325,0.350000000,0.000000000,1.000000000,0.000000000,0.000000000
8.716666841,-0.071191586,-0.459625447,0.350000000,0.000000000,1.000000000,0.000000000,0.000000000
8.733333508,-0.069557116,-0.458883035,0.350000000,0.000000000,1.000000000,0.000000000,0.000000000
8.750000175,-0.067933934,-0.458116256,0.350000000,0.000000000,1.000000000,0.000000000,0.000000000
8.766666842,-0.066322405,-0.457325280,0.350000000,0.000000000,1.000000000,0.000000000,0.000000000
8.783333509,-0.064722889,-0.456510286,0.350000000,0.000000000,1.000000000,0.000000000,0.000000000
8.800000176,-0.063135744,-0.455671455,0.350000000,0.000000000,1.000000000,0.000000000,0.000000000
8.816666843,-0.061561324,-0.454808975,0.350000000,0.000000000,1.000000000,0.000000000,0.000000000
8.833333510,-0.059999984,-0.453923039,0.350000000,0.000000000,1.000000000,0.000000000,0.000000000
8.850000177,-0.058452070,-0.453013845,0.350000000,0.000000000,1.000000000,0.000000000,0.000000000
8.866666844,-0.056917931,-0.452081598,0.350000000,0.000000000,1.000000000,0.000000000,0.000000000
8.883333511,-0.055397910,-0.451126505,0.350000000,0.000000000,1.000000000,0.000000000,0.000000000
8.900000178,-0.053892346,-0.450148780,0.350000000,0.000000000,1.000000000,0.000000000,0.000000000
8.916666845,-0.052401577,-0.449148642,0.350000000,0.000000000,1.000000000,0.000000000,0.000000000
8.933333512,-0.050925936,-0.448126315,0.350000000,0.000000000,1.000000000,0.000000000,0.000000000
8.950000179,-0.049465754,-0.447082028,0.350000000,0.000000000,1.000000000,0.000000000,0.000000000
8.966666846,-0.048021357,-0.446016014,0.350000000,0.000000000,1.000000000,0.000000000,0.000000000
8.983333513,-0.046593069,-0.444928512,0.350000000,0.000000000,1.000000000,0.000000000,0.000000000
9.000000180,-0.045181209,-0.443819766,0.350000000,0.000000000,1.000000000,0.000000000,0.000000000
9.016666847,-0.043786093,-0.442690023,0.350000000,0.000000000,1.000000000,0.000000000,0.000000000
9.033333514,-0.042408033,-0.441539536,0.350000000,0.000000000,1.000000000,0.000000000,0.000000000
9.050000181,-0.041047338,-0.440368563,0.350000000,0.000000000,1.000000000,0.000000000,0.000000000
9.066666848,-0.039704313,-0.439177366,0.350000000,0.000000000,1.000000000,0.000000000,0.000000000
9.083333515,-0.038379257,-0.437966211,0.350000000,0.000000000,1.000000000,0.000000000,0.000000000
9.100000182,-0.037072468,-0.436735370,0.350000000,0.000000000,1.000000000,0.000000000,0.000000000
9.116666849,-0.035784238,-0.435485118,0.350000000,0.000000000,1.000000000,0.000000000,0.000000000
9.133333516,-0.034514855,-0.434215734,0.350000000,0.000000000,1.000000000,0.000000000,0.000000000
9.150000183,-0.033264603,-0.432927504,0.350000000,0.000000000,1.000000000,0.000000000,0.000000000
9.166666850,-0.032033762,-0.431620714,0.350000000,0.000000000,1.000000000,0.000000000,0.000000000
9.183333517,-0.030822608,-0.430295658,0.350000000,0.000000000,1.000000000,0.000000000,0.000000000
9.200000184,-0.029631411,-0.428952632,0.350000000,0.000000000,1.000000000,0.000000000,0.000000000
9.216666851,-0.028460439,-0.427591937,0.350000000,0.000000000,1.000000000,0.000000000,0.000000000
9.233333518,-0.027309952,-0.426213877,0.350000000,0.000000000,1.000000000,0.000000000,0.000000000
9.250000185,-0.026180210,-0.424818761,0.350000000,0.000000000,1.000000000,0.000000000,0.000000000
9.266666852,-0.025071464,-0.423406900,0.350000000,0.000000000,1.000000000,0.000000000,0.000000000
9.283333519,-0.023983962,-0.421978611,0.350000000,0.000000000,1.000000000,0.000000000,0.000000000
9.300000186,-0.022917949,-0.420534214,0.350000000,0.000000000,1.000000000,0.000000000,0.000000000
9.316666853,-0.021873662,-0.419074031,0.350000000,0.000000000,1.000000000,0.000000000,0.000000000
9.333333520,-0.020851336,-0.417598390,0.350000000,0.000000000,1.000000000,0.000000000,0.000000000
9.350000187,-0.019851199,-0.416107621,0.350000000,0.000000000,1.000000000,0.000000000,0.000000000
9.366666854,-0.018873474,-0.414602057,0.350000000,0.000000000,1.000000000,0.000000000,0.000000000
9.383333521,-0.017918382,-0.413082035,0.350000000,0.000000000,1.000000000,0.000000000,0.000000000
9.400000188,-0.016986135,-0.411547896,0.350000000,0.000000000,1.000000000,0.000000000,0.000000000
9.416666855,-0.016076941,-0.409999982,0.350000000,0.000000000,1.000000000,0.000000000,0.000000000
9.433333522,-0.015191006,-0.408438641,0.350000000,0.000000000,1.000000000,0.000000000,0.000000000
9.450000189,-0.014328527,-0.406864221,0.350000000,0.000000000,1.000000000,0.000000000,0.000000000
9.466666856,-0.013489696,-0.405277076,0.350000000,0.000000000,1.000000000,0.000000000,0.000000000
9.483333523,-0.012674702,-0.403677559,0.350000000,0.000000000,1.000000000,0.000000000,0.000000000
9.500000190,-0.011883727,-0.402066030,0.350000000,0.000000000,1.000000000,0.000000000,0.000000000
9.516666857,-0.011116948,-0.400442849,0.350000000,0.000000000,1.000000000,0.000000000,0.000000000
9.533333524,-0.010374537,-0.398808378,0.350000000,0.000000000,1.000000000,0.000000000,0.000000000
9.550000191,-0.009656659,-0.397162985,0.350000000,0.000000000,1.000000000,0.000000000,0.000000000
9.566666858,-0.008963476,-0.395507036,0.350000000,0.000000000,1.000000000,0.000000000,0.000000000
9.583333525,-0.008295143,-0.393840904,0.350000000,0.000000000,1.000000000,0.000000000,0.000000000
9.600000192,-0.007651808,-0.392164959,0.350000000,0.000000000,1.000000000,0.000000000,0.000000000
9.616666859,-0.007033617,-0.390479579,0.350000000,0.000000000,1.000000000,0.000000000,0.000000000
9.633333526,-0.006440707,-0.388785139,0.350000000,0.000000000,1.000000000,0.000000000,0.000000000
9.650000193,-0.005873212,-0.387082019,0.350000000,0.000000000,1.000000000,0.000000000,0.000000000
9.666666860,-0.005331257,-0.385370601,0.350000000,0.000000000,1.000000000,0.000000000,0.000000000
9.683333527,-0.004814965,-0.383651267,0.350000000,0.000000000,1.000000000,0.000000000,0.000000000
9.700000194,-0.004324451,-0.381924401,0.350000000,0.000000000,1.000000000,0.000000000,0.000000000
9.716666861,-0.003859825,-0.380190391,0.350000000,0.000000000,1.000000000,0.000000000,0.000000000
9.733333528,-0.003421191,-0.378449625,0.350000000,0.000000000,1.000000000,0.000000000,0.000000000
9.750000195,-0.003008646,-0.376702492,0.350000000,0.000000000,1.000000000,0.000000000,0.000000000
9.766666862,-0.002622284,-0.374949382,0.350000000,0.000000000,1.000000000,0.000000000,0.000000000
9.783333529,-0.002262190,-0.373190689,0.350000000,0.000000000,1.000000000,0.000000000,0.000000000
9.800000196,-0.001928446,-0.371426807,0.350000000,0.000000000,1.000000000,0.000000000,0.000000000
9.816666863,-0.001621125,-0.369658128,0.350000000,0.000000000,1.000000000,0.000000000,0.000000000
9.833333530,-0.001340298,-0.367885051,0.350000000,0.000000000,1.000000000,0.000000000,0.000000000
9.850000197,-0.001086026,-0.366107971,0.350000000,0.000000000,1.000000000,0.000000000,0.000000000
9.866666864,-0.000858366,-0.364327286,0.350000000,0.000000000,1.000000000,0.000000000,0.000000000
9.883333531,-0.000657370,-0.362543394,0.350000000,0.000000000,1.000000000,0.000000000,0.000000000
9.900000198,-0.000483083,-0.360756696,0.350000000,0.000000000,1.000000000,0.000000000,0.000000000
9.916666865,-0.000335543,-0.358967590,0.350000000,0.000000000,1.000000000,0.000000000,0.000000000
9.933333532,-0.000214783,-0.357176477,0.350000000,0.000000000,1.000000000,0.000000000,0.000000000
9.950000199,-0.000120831,-0.355383758,0.350000000,0.000000000,1.000000000,0.000000000,0.000000000
9.966666866,-0.000053708,-0.353589834,0.350000000,0.000000000,1.000000000,0.000000000,0.000000000
9.983333533,-0.000013428,-0.351795107,0.350000000,0.000000000,1.000000000,0.000000000,0.000000000
