1757403520.8794727,-0.09672315929917286,0.025796957752166963,0.324539069210003,-0.701934079131346,0.7099295303045671,0.05001733842174834,0.02805131748724886,0.07517855614423752
1757403520.90173,-0.09684809936367295,0.02575027935733023,0.32398967580624394,-0.7021570161200383,0.709761022256491,0.04958277055134902,0.0275020883439346,0.0706806629896164
1757403520.9685035,-0.09730491273739847,0.02571103224700482,0.32207635823427405,-0.70310704897467,0.7089122528447018,0.04926856483129533,0.025622333387983493,0.07468519359827042
1757403520.9796321,-0.09736825913334193,0.025696653703569976,0.32168221049606277,-0.7030687527572417,0.7089454270260243,0.04955098508646583,0.025207345600548794,0.071104995906353
1757403520.9907618,-0.09746220623070573,0.025656733176443798,0.32128093155139675,-0.7029837141662365,0.7090205475853264,0.04986338333170566,0.02484760997686134,0.0710536316037178
1757403521.0686648,-0.09838459794438396,0.025695617617721645,0.31865388623137564,-0.7033539160400131,0.708507845817033,0.05246147531423966,0.02361556297738992,0.07464277744293213
1757403521.0797935,-0.09860965253010057,0.02581056218260524,0.3182669664308403,-0.703641078398945,0.7082088140651193,0.05280555111188389,0.023261174557989702,0.07106957584619522
1757403521.090923,-0.09888951763867654,0.025928457015366394,0.3178442896124318,-0.7039654057829097,0.7078816397553277,0.053049378061415166,0.02284852392407121,0.07493258267641068
1757403521.1799552,-0.10099453875417445,0.026191814093328346,0.314356916777612,-0.7049277841177695,0.7067871063575402,0.055813335292426616,0.020339052806899273,0.07493258267641068
1757403521.191085,-0.10130459887181201,0.026213408109511054,0.313848765228256,-0.705047877386069,0.7066405544342749,0.05624266320542565,0.020084328661428053,0.07479464262723923
1757403521.2022138,-0.10155810240023366,0.026209885533302568,0.31336814445617783,-0.7051780982390663,0.7064818236551592,0.056688974815466184,0.019840432031225874,0.07534348219633102
1757403521.2133427,-0.10184186316689581,0.026214244686830413,0.31287305725818393,-0.7053304442971069,0.7062984691097847,0.05714965898252101,0.019630419226340453,0.07489794492721558
1757403521.2244725,-0.10216350291260404,0.026206240887949737,0.3123365273541058,-0.7055028453778059,0.7060954989143193,0.05761310687014249,0.019380698994817168,0.07492715120315552
1757403521.2356012,-0.10244840140421696,0.026187640172778817,0.3118079154394151,-0.7056997285383508,0.7058739793704858,0.05803687402563067,0.01901419579961714,0.07537150382995605
1757403521.2467299,-0.10275922453776318,0.02617370563429143,0.3112612011777152,0.705922091557638,-0.7056297499815903,-0.05843453421047152,-0.018602736449603963,0.07537150382995605
1757403521.391411,-0.1057013794109452,0.023300098486829207,0.30225565938227644,-0.7051825164663744,0.7059357811929594,0.06473874702780183,0.013460532489767245,0.07527468353509903
1757403521.4025402,-0.10581761342438806,0.022993821711158456,0.30153158416335624,-0.7049108691003458,0.7062020671657053,0.06492688317706788,0.012798702902677542,0.07537150382995605
1757403521.458186,-0.10688088636217419,0.02112335187462348,0.29720550994688605,-0.7037778111592407,0.7072295474918872,0.06651380027319494,0.009953594704731188,0.07486866414546967
1757403521.4693162,-0.10707157425274788,0.02081035382931847,0.2963351250156518,-0.7036564262482858,0.7073202012977619,0.06693637552277443,0.009235164722870502,0.0744396448135376
1757403521.5249622,-0.10862328137838673,0.018867022806981926,0.29179261579740484,-0.702576675632307,0.7081732693466286,0.06944942698712261,0.007308387751340401,0.07512261718511581
1757403521.5360925,-0.10888318420524491,0.018594272848641485,0.29086421137715485,-0.7025091193310312,0.7081734547764628,0.07017278723034678,0.006861132489068593,0.07537150382995605
1757403521.5806098,-0.11033528102309047,0.01732757180549027,0.2867785147464948,-0.7022983477956557,0.7079463817819187,0.0745040880032612,0.006171877849102302,0.07486866414546967
1757403521.5917387,-0.11069306035253472,0.01689910473532152,0.2858274389397834,-0.7018756678290203,0.70826961597808,0.07539140300707413,0.006390175620018923,0.07515135407447815
1757403521.6362574,-0.11215164663301372,0.015024449035444361,0.28215867555421364,-0.6999557526154196,0.7099801984663393,0.07710577429994922,0.006690421203789524,0.0746154859662056
1757403521.6696463,-0.1132044785370589,0.01402740859052927,0.2792083266500978,-0.6997314891228177,0.7101450112445685,0.07774715858134959,0.005028465664822674,0.07486866414546967
1757403521.6919055,-0.11389856110971448,0.013534146517185262,0.277142284185574,-0.7001240247304972,0.7097145444825694,0.07821362969706964,0.003774052818765396,0.07440055161714554
1757403521.7030358,-0.1141559500594791,0.013376220924469107,0.27613703111855475,-0.7003275953308687,0.7094870892046728,0.07849140563586558,0.0029032242884921913,0.0746082067489624
1757403521.7586818,-0.11557731396520773,0.012627946992346113,0.2705836348050074,-0.7007518666405145,0.7087449652907173,0.08140533700506672,-0.0007527828278853598,0.07546308636665344
1757403521.769812,-0.11577741558308985,0.012449237817655574,0.269634077449135,-0.7007361453518154,0.7086898269492099,0.08201331217880743,-0.0011833856682055294,0.07540263235569
1757403521.8254662,-0.1168195937718525,0.011765717748263073,0.2653344309828838,-0.7004167882837666,0.7089035371463162,0.08287789803492852,-0.0018307727894414365,0.07546308636665344
1757403521.8365986,-0.11699225012169409,0.011689740938373796,0.2645500005736594,-0.7003374110566685,0.7089692002936628,0.08297949472088043,-0.0021417668581271082,0.07503530383110046
1757403521.8477306,-0.11717644382923263,0.011626450450706753,0.263702242861697,-0.700254390052394,0.7090213698061661,0.08322601398565418,-0.00243248157175184,0.0751728042960167
1757403521.9256544,-0.11804548756007066,0.010920974557309917,0.25761607288343796,-0.698853859834037,0.7097650050126518,0.08845875063510387,-0.0034597240547354744,0.07497182488441467
1757403521.9367862,-0.11808839525994272,0.010706703065497546,0.2569290952789111,-0.6982340597385168,0.7102979425144492,0.08907650948100379,-0.003377297660858533,0.07460571080446243
1757403521.9479194,-0.11817355818353911,0.010521266040027599,0.2562236321477752,-0.6977108285039395,0.7107635452603217,0.08946299137937537,-0.00334001358960269,0.0701599270105362
1757403522.025843,-0.11874692699461606,0.010984573935778716,0.2518263872947703,-0.698062837028631,0.7102339896507827,0.09086987622438544,-0.0043152171713648005,0.06987142562866211
1757403522.0369747,-0.118883491880281,0.011161627466555857,0.25124904840001394,-0.6984441670929267,0.7098228706723844,0.09113323019780997,-0.0046874383192170195,0.07425524294376373
1757403522.0926356,-0.11919766217163227,0.011486084266191117,0.24857771406196644,-0.698349969646418,0.7096487644547015,0.0931583482565313,-0.0052414838431161116,0.0739116445183754
1757403522.1037676,-0.11922929734830853,0.011491985736626908,0.24809356543132227,-0.6983523643006462,0.7096188244089057,0.09336847893659829,-0.0052370279058129784,0.07352730631828308
1757403522.1594286,-0.11933170643879012,0.011815859148658929,0.24546935465578226,-0.6994448808355725,0.7085762573691838,0.09299808140082756,-0.006921200860903371,0.07367685437202454
1757403522.1705601,-0.11935763297011628,0.011815350566639116,0.24495146549367852,-0.699504353012162,0.7085218993071145,0.09294197273161449,-0.0072227435252627415,0.07306469231843948
1757403522.2039564,-0.11940852506845336,0.011719466134068967,0.24330954968202095,-0.6994064700072941,0.7086260709547723,0.0927888770779982,-0.008360954834369322,0.07383928447961807
1757403522.2150893,-0.11945558741965862,0.01165222962385834,0.2427200843857068,-0.6993553160081903,0.7086726324604308,0.0927732269824609,-0.00885270173158306,0.07304514199495316
1757403522.2818832,-0.11979611807131424,0.01170126446501487,0.23907392620077197,-0.6997042759299545,0.7083171437645319,0.09243607813249068,-0.01250286183549852,0.0728268176317215
1757403522.2930155,-0.11985077507243075,0.011802101129094833,0.2384979078898287,-0.6999790420870721,0.7080702983173014,0.09216955378452245,-0.013060116189168237,0.07280612736940384
1757403522.3264124,-0.12018360727803702,0.011843192072145571,0.236705780782246,-0.7002666431142033,0.7078469028699748,0.09151005709898329,-0.014328296782597016,0.0730932429432869
1757403522.337544,-0.12032416842016158,0.011781159367386097,0.23612031175179765,-0.7002068789459164,0.707921613224772,0.09134445717445011,-0.014611856472055833,0.0730932429432869
1757403522.348676,-0.12046060043330628,0.011687606417114681,0.23550139241883827,-0.7000884121549387,0.7080539965890827,0.09117884560234558,-0.014905408254309643,0.07129447907209396
1757403522.460001,-0.1211529426425641,0.010953883759905109,0.2292861474850781,-0.698844643704327,0.7091806618396309,0.09093307053798247,-0.02025165477213172,0.07103506475687027
1757403522.4933984,-0.12136517883039115,0.010992958637698391,0.2281506613654488,-0.6991001010207338,0.7091949068612922,0.0887191780097119,-0.020749464766206142,0.07075577974319458
1757403522.5045307,-0.12144025453242219,0.011046790333469073,0.22781746532314062,-0.6993488182068257,0.7090563202253664,0.08776837070165008,-0.02114422676658928,0.07075577974319458
1757403522.5601938,-0.12184802680323639,0.011313144138189044,0.22579346007823978,-0.6993959684962555,0.7091692684636877,0.08584775943865251,-0.023545490379819217,0.0703342854976654
1757403522.5713258,-0.1218692641276081,0.011311196306415715,0.22542364962625266,-0.6990992971447357,0.7094113064210057,0.0862845106215325,-0.023468154605358744,0.06963910162448883
1757403522.582458,-0.12189940671760052,0.01132577445659549,0.22501157972961972,-0.6986677579921172,0.7097819660306895,0.08678399633018583,-0.02326934938582804,0.06902734935283661
1757403522.6047232,-0.12183542112606645,0.011247339758740843,0.22435502664146376,-0.6976119641439178,0.7107182915997933,0.08754359727939268,-0.023519694813489277,0.06950138509273529
1757403522.6158552,-0.1217527232608126,0.011187654516142193,0.2241455153720939,-0.6972300900266332,0.711075138300589,0.08761674646672989,-0.02378350249303214,0.0688038021326065
1757403522.6826513,-0.12153141113693083,0.011533376893749739,0.22339169116470586,-0.6969967220798939,0.7116621188823895,0.08456133648797085,-0.02412422701515684,0.06738312542438507
1757403522.693785,-0.12159716113024518,0.011729566104773288,0.2233863382632065,-0.6973985276422403,0.7113703761678993,0.08367508764347922,-0.024206636714600674,0.06738312542438507
1757403522.7049177,-0.12166981518705042,0.011944002864679705,0.22334867712212284,-0.697813721597288,0.7110232389547018,0.08315916872059306,-0.024218098079899535,0.06740988045930862
1757403522.7717137,-0.1220457961160659,0.013063799079504569,0.22293248674556596,-0.6990183005000764,0.7096327748694713,0.08504556513490745,-0.023706375680892035,0.06717927753925323
1757403522.8051052,-0.12240435063292418,0.013437708439838738,0.22273515480172384,-0.6989814649716067,0.7096479309199499,0.08489026291038673,-0.02486702696716958,0.0659664198756218
1757403522.8162315,-0.12252180644802563,0.013581742445435068,0.22272704101431196,-0.6990996924216273,0.7095483967386955,0.08475566958645149,-0.024842890622571275,0.06567265838384628
1757403522.8273582,-0.12261064289404845,0.013727872333699452,0.22274761576043178,-0.6992818355026138,0.7094059653637582,0.08447150942216379,-0.02475186737099255,0.06553130596876144
1757403522.8384857,-0.12272267886954541,0.013883351810077934,0.22276076909237308,-0.6995362671486678,0.7092115106047273,0.08401730158668828,-0.02468070508636457,0.06586160510778427
1757403522.849612,-0.12284866130740806,0.014041006508877333,0.22275553294711195,-0.6998330916926166,0.7089866296041435,0.083419151543217,-0.024755766405435257,0.06532710045576096
1757403522.8607378,-0.12297404784780193,0.01420606947601622,0.22272693156593176,-0.7001474372617126,0.7087504091499895,0.08269502149212647,-0.025059071131935604,0.06443583965301514
1757403522.972005,-0.12350930386448075,0.014362114495396108,0.22166401622847384,-0.6991189708837527,0.7102735381928466,0.07764654355293472,-0.026742845169118446,0.06303394585847855
1757403522.9831314,-0.12350989737240947,0.014300235977011902,0.22141328045186087,-0.6991369624958413,0.7102613032466476,0.077540321663869,-0.026905153757708085,0.06320460140705109
1757403522.9942577,-0.12349009932358443,0.014258381957783943,0.2212298911024946,-0.6991611008145878,0.710270159926752,0.07720155616554059,-0.027018044914061148,0.06294547021389008
1757403523.061018,-0.12298468367085888,0.013595508190982758,0.22046697909362092,-0.6975533201951432,0.7119878618934634,0.07661084251462533,-0.02496855643215766,0.06251262873411179
1757403523.0721452,-0.12291426045805777,0.013511101730204058,0.2202855990142549,-0.6973734511163181,0.7121592990818663,0.07662697896819971,-0.025054111509858604,0.06202330067753792
1757403523.105525,-0.12278241398357584,0.013397076185660656,0.21967207419471996,-0.6969784964908509,0.7124909194413436,0.07681333621570394,-0.026026458122360957,0.061257846653461456
1757403523.1166515,-0.12272804301243222,0.013365155440581386,0.2194780690027657,-0.6968167129286222,0.7126383218867522,0.07683182010190152,-0.02626713120256122,0.06052317097783089
1757403523.1611578,-0.12245954402131089,0.013243741913190039,0.21905171115785962,-0.6961344777772254,0.7133998418608385,0.07565944949787531,-0.02707585980977946,0.06006591394543648
1757403523.1834116,-0.12223578728780783,0.013193264721033165,0.21896709358722696,-0.6957895350603732,0.713801279468192,0.07493132929448751,-0.02738525552560497,0.059259604662656784
1757403523.1945384,-0.12215014854535847,0.013159165828934791,0.21894076098197893,-0.6955081579522899,0.7140908964227586,0.0748233879214952,-0.027277362187410666,0.057798366993665695
1757403523.2056646,-0.12205248632553516,0.013128073021746983,0.21890955772048126,-0.6952001189053236,0.7143838647913409,0.07496461137420542,-0.02707019470424218,0.05629880353808403
1757403523.2724247,-0.12142000103905146,0.013296000470114075,0.21861522001447423,-0.6942315495590182,0.7151520718446559,0.07692618823668415,-0.02612338600861061,0.05617362633347511
1757403523.2835522,-0.12133339145410654,0.013380353206710736,0.21862066678393915,-0.6941940234686355,0.7152086557021037,0.07676836268525003,-0.02603565017131592,0.055574774742126465
1757403523.2946782,-0.12127683888495847,0.013458362254202235,0.21863855996410758,-0.6941636568359159,0.7152770314200033,0.07641212558333169,-0.026014859504011924,0.05478097125887871
1757403523.3614385,-0.12090193228145686,0.013881988389249377,0.218229204052735,-0.6935528880848728,0.7158416872537459,0.07662614864542663,-0.026143901059540543,0.0547967255115509
1757403523.3725646,-0.12087299286462219,0.014038617554931743,0.2180973470903956,-0.6936090099441298,0.7157693410558035,0.07678295066210922,-0.02617575627341409,0.05364663526415825
1757403523.4059446,-0.12077602200766233,0.014481496232100467,0.21759064666935046,-0.6941776702800682,0.7152916105390958,0.07579376861368485,-0.027029217825504503,0.05352238938212395
1757403523.417072,-0.12075124301381411,0.014624217202452891,0.21744738352113452,-0.6943289343220457,0.7151939548884667,0.0752591115156499,-0.027221388430448464,0.053429242223501205
1757403523.4281986,-0.1207254283166271,0.0147175968341955,0.21727175046004235,-0.6943528869521393,0.7152146426175507,0.07479061628125751,-0.02735776092718013,0.05394069105386734
1757403523.439325,-0.1207043218693229,0.01475159262619306,0.2170488275666418,-0.6941966155283604,0.7153946251163041,0.07448595200430204,-0.027448721239528427,0.05318840593099594
1757403523.528339,-0.12022264929740104,0.014077601214004915,0.21490721982187003,-0.6910937872636264,0.7181049862703563,0.07704564978125625,-0.027902934416528895,0.05166614428162575
1757403523.5394654,-0.12013290018329577,0.014052719844877867,0.21474181525679467,-0.6909921946256924,0.7182043695009293,0.07711357095818643,-0.027672509286629433,0.05073407292366028
1757403523.5839732,-0.11989661409467539,0.01406318794950462,0.21394397956206707,-0.6914210110146777,0.7178650415584606,0.0764205798338101,-0.02768867301939174,0.051086582243442535
1757403523.5950997,-0.1198081385778896,0.01398348215092478,0.21374025614258632,-0.6913475388719027,0.7179559713105564,0.07626480361454481,-0.027594990214041524,0.05137196183204651
1757403523.6062262,-0.1197125560828155,0.013847896481588517,0.213506218431,-0.691100383887153,0.7181970206389314,0.07626266514598422,-0.027519172248151463,0.050755079835653305
1757403523.66186,-0.11931307793954289,0.013036704258457012,0.21199739795794373,-0.6891949309532159,0.7199487988145181,0.07658608557121514,-0.028611985789229015,0.050755079835653305
1757403523.6729865,-0.11918749455261615,0.012901535619458039,0.21172686670724084,-0.6890811432970506,0.7200627534891118,0.07650425346638212,-0.028703800996726682,0.050755079835653305
1757403523.717493,-0.1188130400775873,0.012447538054429365,0.21081052083629465,-0.688602257891717,0.7206255724555988,0.07525296374309073,-0.029371860638219376,0.05028510466217995
1757403523.7286205,-0.11871655256874183,0.01228345603938176,0.21062817492608996,-0.688243474319856,0.7209821610653477,0.07502866978878517,-0.029603077397457305,0.05017312243580818
1757403523.7731276,-0.11841599828207672,0.011694959430816712,0.2101591602694133,-0.6866886154712805,0.7225119922160657,0.07461465558730494,-0.029458778957989644,0.0488247349858284
1757403523.7953818,-0.11829301560503203,0.011581770968323383,0.2100082068336248,-0.6864602000406907,0.722771918312718,0.07433384983335296,-0.02911402802089129,0.04668265953660011
1757403523.8287616,-0.11821673923137697,0.01165005636121705,0.2095650139583919,-0.6865401762109001,0.7226685329455341,0.07425710901885285,-0.029977653324070288,0.04668265953660011
1757403523.839888,-0.11821701683438202,0.011679547195716507,0.20937822761999494,-0.6864448352912879,0.7227111309231798,0.07459944348613935,-0.03028254238358139,0.04509226605296135
1757403523.8510146,-0.1182290412908871,0.011697968547472003,0.20920970616687262,-0.686264321646744,0.7228226668934788,0.07511022559603081,-0.030448761397575543,0.04361213371157646
1757403523.8621416,-0.11822599328670383,0.011715042994015362,0.20907964577568663,-0.68605269484147,0.7229694919513122,0.07563997567069455,-0.03042051427828173,0.043406542390584946
1757403523.895522,-0.11823774577514576,0.0118792544067242,0.20881361386941555,-0.685499178284969,0.7233466237938377,0.0771956644133602,-0.030022788219421663,0.0431649349629879
1757403523.9066484,-0.11825033928329881,0.012002608294832299,0.20871693616400508,-0.6854191763798395,0.7233519059043413,0.0778939238316298,-0.029918380729107515,0.04248977452516556
1757403523.9177747,-0.11827124681189,0.012133675914463817,0.20862444879975495,-0.6854413268239841,0.7232447882589609,0.07874159839096423,-0.02978127634711364,0.042236678302288055
1757403524.0401683,-0.11866461914926345,0.013445577971831511,0.20863299135389077,-0.6851423178645865,0.7234053210307386,0.07998011397152115,-0.029460603263654697,0.04220420494675636
1757403524.0512946,-0.11864210220369312,0.013544420109348256,0.20861383140566775,-0.6849937359123593,0.7235253532690851,0.0801909784700009,-0.02939475990204217,0.041104745119810104
1757403524.0846741,-0.11868130044647818,0.013754759634180401,0.20852912574043286,-0.6849485695570533,0.723484259854342,0.08093396895848227,-0.0294223634908661,0.039333276450634
1757403524.0958004,-0.11874403502006417,0.013802081345822798,0.20846907941722984,-0.6849356688344511,0.7234788875093653,0.0810091408983755,-0.029647056808754017,0.03956621140241623
1757403524.1514342,-0.11875802686086469,0.013775955548915746,0.2084772767104151,-0.6846060136505313,0.7238376313809749,0.08039386630913976,-0.030174753191642957,0.03958925977349281
1757403524.1625605,-0.11875437944249094,0.013730630361353264,0.2085251148501573,-0.6845828265972816,0.7238941041840188,0.08002889517747323,-0.030315926381462004,0.03956446796655655
1757403524.2070675,-0.1189009923035613,0.013394716432198209,0.20878412209419092,-0.6835819999293008,0.7248920392517912,0.07932307439922297,-0.03090357050394366,0.03883028030395508
1757403524.2181938,-0.1189313238914624,0.01336979226966831,0.20884788834568527,-0.6835078536150934,0.7249403466538897,0.07964358678505037,-0.030584422895299414,0.035877399146556854
1757403524.2293198,-0.11894250765598811,0.013365987842046848,0.20891394061712695,-0.6835747111974592,0.7248505693892843,0.07999714270517806,-0.030293950325900904,0.03677019849419594
1757403524.2404473,-0.11895435654530923,0.01334799726402967,0.20898753290576536,-0.6837084965859012,0.7247125549162425,0.08015401795867678,-0.030161860819565827,0.035428378731012344
1757403524.2627,-0.11893219083238371,0.013217641473259649,0.2091734239683742,-0.6838462964450633,0.7246457408076259,0.07952363659724435,-0.03031145641646605,0.036954354494810104
1757403524.2738273,-0.11891457672207187,0.013089499583900712,0.20930948257075713,-0.6838373937001919,0.7247278057328771,0.07879109430778018,-0.030462928827027468,0.03649338334798813
1757403524.3739655,-0.11828794276407388,0.012099761476043958,0.2093694765780783,-0.6826623221060178,0.7257968492536785,0.07968580811430803,-0.029004475093031473,0.036954354494810104
1757403524.3850913,-0.11828836662234878,0.01200114956268443,0.20927597008446594,-0.6824610154660251,0.72595362607344,0.07985257801454503,-0.029357468288949553,0.03493380546569824
1757403524.4629767,-0.11805416596175836,0.011259365431536626,0.20897372649799223,-0.6816253982965889,0.7267834005964579,0.07912950526322078,-0.030186526982467116,0.03589348867535591
1757403524.474104,-0.11799035924692414,0.011183784556654369,0.20891361985142493,-0.6815026583188493,0.7268396370070779,0.07970501910276025,-0.030089511620992274,0.0349540188908577
1757403524.4852297,-0.11791124546328993,0.011109424767235233,0.20882572731070037,-0.6813142249420956,0.7269590101831597,0.08021981184450229,-0.030104919742546886,0.03360774368047714
1757403524.5631151,-0.11759127635585062,0.010950473011645175,0.20890239516726916,-0.680571904810705,0.727512776000742,0.08169912686238565,-0.029534654356311717,0.033097948879003525
1757403524.5853684,-0.11748450172420825,0.011159606423029772,0.20889738775936983,-0.6810969794579476,0.726987874630205,0.0820937760797824,-0.029259983644565484,0.032525572925806046
1757403524.5964947,-0.11741523711005,0.011250086935055956,0.208910262286435,-0.681283862726748,0.7267995936951728,0.08230705778525879,-0.02898615585736761,0.03253403678536415
1757403524.607621,-0.11739129793655684,0.011304515807355493,0.2089386425060149,-0.6812601642753736,0.7268157584356533,0.08241988265103384,-0.028816745216750986,0.03130442276597023
1757403524.6743793,-0.11707469973690524,0.01136293162585217,0.20902898701844427,-0.6798135029482767,0.7280744820975533,0.08335930617882595,-0.028502206948896935,0.032502271234989166
1757403524.6855063,-0.11703940961392131,0.011458315358795566,0.20904844471595724,-0.6798010761087037,0.728102975576842,0.08317002609859431,-0.028623428102804136,0.029972534626722336
1757403524.7300117,-0.1170448501291334,0.012044735669425113,0.2089275189900663,-0.6802570284339557,0.7275510380662891,0.08407551085732275,-0.02917483074414731,0.0295711662620306
1757403524.741138,-0.11704674267421139,0.012233507452747481,0.20890273735566062,-0.6804699103620401,0.7273020280933875,0.08453290950721054,-0.02909722037185474,0.029777126386761665
1757403524.7522647,-0.11702379833530038,0.01202975920075602,0.2087722540043502,-0.680790151325815,0.7269285651285917,0.08530941309989104,-0.028669410430158505,0.029777126386761665
1757403524.8301456,-0.11703422621150221,0.012476541088643166,0.20850317905378193,-0.6804952217966165,0.7270991795756879,0.08600696880719928,-0.029254700287861517,0.0284818597137928
1757403524.841271,-0.1169920634259207,0.012426133689357773,0.20848020847896093,-0.6803414717893401,0.7272192231198797,0.08625047591492403,-0.029129687483431758,0.02848818153142929
1757403524.8968987,-0.11701737256808338,0.01249851047713744,0.20817767745982316,-0.6803338248933388,0.7271888768972968,0.08658426450913058,-0.0290755767313535,0.027944382280111313
1757403524.9080238,-0.11705410295868444,0.012500318621742024,0.20815167672873255,-0.6803313966977899,0.7271941912910054,0.08655590675574101,-0.02908391008008275,0.027944382280111313
1757403524.9191499,-0.11708203040096378,0.012525275836319436,0.2081147282747905,-0.6803436130492243,0.7271933904881672,0.08642660535019761,-0.02920244683399728,0.027944382280111313
1757403524.9859028,-0.11714934508995754,0.012308004384142528,0.20779805230418807,-0.6804013117758406,0.727264484151655,0.08480078215841962,-0.03080993947839814,0.027944382280111313
1757403525.0081537,-0.1170839128782451,0.012134648688312717,0.20781458012194573,-0.6800140489056722,0.7276344041660989,0.08469001061176643,-0.030930070600294183,0.025506386533379555
1757403525.0192788,-0.11702600795976167,0.012040539284030777,0.20781583236057152,-0.6797805088313158,0.7278690226558185,0.08446763764790217,-0.031150663897960968,0.025600695982575417
1757403525.030405,-0.11698173079380866,0.011942529934438863,0.20779753746502214,-0.6795827095082383,0.7280716120109325,0.08424348754282153,-0.031338531041931274,0.025413507595658302
1757403525.0971587,-0.11673230548958546,0.011847280723897295,0.20786407869896564,-0.6803043829278203,0.7275525989914124,0.08282433169359263,-0.031516540888057776,0.02610429748892784
1757403525.1082838,-0.1166999528418923,0.011896294801573623,0.20788825736292654,-0.6804303566320343,0.7274443541636073,0.0827444638728241,-0.031505476785688706,0.025668317452073097
1757403525.1194088,-0.11667356665832648,0.011933311561496528,0.20788687170795433,-0.6805176861135065,0.7273539012072247,0.08282088318771424,-0.03150686581297594,0.025548964738845825
1757403525.1861615,-0.11653603132095561,0.011784076414213043,0.20774533185902788,-0.6810290196281795,0.7266087926980676,0.08551347118976253,-0.03043982659633679,0.02514389343559742
1757403525.1972876,-0.11652797072418908,0.01174324843630789,0.207713297654009,-0.6811782680094125,0.7264336433893073,0.08588017036455421,-0.030247731848669034,0.025260189548134804
1757403525.208413,-0.11654465215973547,0.011695634518073773,0.20769990421159126,-0.6812948794394396,0.7263013042733992,0.08613582436980598,-0.030071954051782958,0.02517189458012581
1757403525.2862897,-0.11664817478701586,0.01090968213507067,0.20807707040110007,-0.6796114130985704,0.7280620826491727,0.08512518587350348,-0.02841889731701364,0.02517189458012581
1757403525.297416,-0.11663500238846575,0.010719080829816508,0.20809693816734962,-0.6790630076823878,0.7285760721663103,0.08523162658059354,-0.02803405954347819,0.02472424879670143
1757403525.3085413,-0.1167707946843696,0.01071201039907076,0.20813498332316863,-0.6785816797596713,0.7290502731198124,0.08514408879318926,-0.02762403486182489,0.024328794330358505
1757403525.3752933,-0.11672126453224196,0.010677573221723868,0.20819927944657202,-0.6790435519836637,0.7286082317643384,0.08525401546699327,-0.027598042709715283,0.024694882333278656
1757403525.4420445,-0.11644015543692963,0.010048960431300151,0.20803682072445803,-0.6776545052521307,0.729655975543836,0.08738428695303871,-0.027395533547860916,0.02466440014541149
1757403525.4531698,-0.11639274054349033,0.010073284001477237,0.20804615224282202,-0.677764704519373,0.729557857924664,0.08731243678043439,-0.027511372768463493,0.024694882333278656
1757403525.4865465,-0.11625953425969054,0.010030574363976974,0.20823910280943955,-0.6782540326288671,0.7291649057808519,0.08666880323036372,-0.027902077824020953,0.024466216564178467
1757403525.4976716,-0.11622812309408986,0.009992673548399122,0.20831995596760175,-0.6780997081751756,0.7293296935365873,0.0864155537607363,-0.028130694388774226,0.024503501132130623
1757403525.5087976,-0.11621857090412757,0.009937316582561619,0.20838982099262504,-0.6778480882983183,0.7295702267099091,0.08630530235070329,-0.028295728916585064,0.024503501132130623
1757403525.5866742,-0.11594169948981917,0.009424552381456614,0.20864511606901584,-0.6770801238854933,0.7300267719257895,0.0885382499955701,-0.028007077650808575,0.024309102445840836
1757403525.5978005,-0.11588483674029543,0.009587500969398408,0.20881830574869248,-0.6774210844903457,0.7297816830511413,0.08780313096832768,-0.02846013989997673,0.02428191713988781
1757403525.642302,-0.11599705534431878,0.009886941773298264,0.20963538783329577,-0.6784866637232522,0.7290030111277529,0.08581591742109913,-0.029087544302243508,0.024503501132130623
1757403525.6534266,-0.11608737903017195,0.009992660943422273,0.20986877673439208,-0.6788400270642507,0.7286976689467167,0.08549139096849785,-0.029447359767895896,0.024309102445840836
1757403525.6645513,-0.1161568464350467,0.01008009987533798,0.21014143603911967,-0.679184044676878,0.7283996595655489,0.08524671602465225,-0.029596736444438568,0.024503501132130623
1757403525.7424276,-0.11610030541481225,0.01012689884383273,0.2130550628426523,-0.6800800248351605,0.7278821091163391,0.08293137592471186,-0.028305157406226304,0.024503501132130623
1757403525.7535522,-0.11604506336636544,0.00998519861541196,0.21370607611645148,-0.6801220298593332,0.7278715173786602,0.08294830634728294,-0.02750740196791266,0.02472231537103653
1757403525.7980533,-0.11575264397957874,0.009908394823435158,0.21602585019712475,-0.6807049827490133,0.7273883498783654,0.08294104515474883,-0.025839851983553874,0.024544447660446167
1757403525.8091786,-0.11568396020998567,0.009882277852657377,0.21668564738725218,-0.680852747377125,0.7272954244051064,0.08258990541139583,-0.025686758311499896,0.024402407929301262
1757403525.820303,-0.11562631673030208,0.00983701394358893,0.21743410078987235,-0.6810530754349605,0.7271631433047901,0.08219444024475095,-0.02538789972666176,0.024006035178899765
1757403525.8314273,-0.11555973777028017,0.009765132087409952,0.21818838837450147,-0.6812683786591096,0.7270149561852246,0.08185705975865536,-0.02494136102645689,0.023994024842977524
1757403525.842552,-0.11551340640074864,0.009681261053066935,0.2189415648117897,-0.6815125619159778,0.7268352566561478,0.08157318033794302,-0.024432639682731523,0.024014348164200783
1757403525.8870492,-0.1154330677553658,0.009677664535674856,0.221990369614816,-0.6828412554553664,0.7257321328091768,0.0805642379324044,-0.023454100339877267,0.023979103192687035
1757403525.8981733,-0.1154331816063379,0.009625565632173861,0.22278807487117427,-0.6830573900348061,0.7255485703512207,0.08045040885676487,-0.023229414433388447,0.023801108822226524
1757403525.9092975,-0.1154139884367601,0.009552986770225048,0.22357656733890538,-0.6831692814352531,0.7254549344383667,0.08042551689752396,-0.022947924394833435,0.023600997403264046
1757403526.076162,-0.11600760529766492,0.010717398032001382,0.23829901768247294,-0.6863833765859698,0.7226466592397025,0.08010915612586113,-0.01556243364460246,0.023876868188381195
1757403526.0872874,-0.11605649890952839,0.010973457465697114,0.23956105561360966,-0.686733781164206,0.7223525008755575,0.0799399987490516,-0.01460050981101334,0.023600997403264046
1757403526.098411,-0.11616105848785366,0.011173164051008601,0.24075792913084987,-0.6869460484292843,0.7221800693946083,0.07985384503633652,-0.013580771314721327,0.023399459198117256
1757403526.1762807,-0.11667224845360584,0.012796370810102795,0.2490389922011418,-0.6889638951322788,0.7205554680595864,0.0776219963758545,-0.010168300360221368,0.024038411676883698
1757403526.187406,-0.1167645019710561,0.013249948416728309,0.250311897860019,-0.6897780964988254,0.7198060712306811,0.07744165311705886,-0.009390834489337946,0.024038411676883698
1757403526.243027,-0.1172320091695992,0.014680603442669747,0.25643748538333405,-0.6914416764160847,0.7182072872078483,0.07768259885418762,-0.007219040913932752,0.023399459198117256
1757403526.265276,-0.11746399991870858,0.01529952465415816,0.2591391945978178,-0.6921779442983568,0.7175969439806716,0.07686720991141069,-0.0059792522054743355,0.024109812453389168
1757403526.2763999,-0.11757079199622561,0.01566375433895531,0.26052122429088065,-0.6928118851180509,0.7170261623841022,0.07655454976031842,-0.004957338690724529,0.024038411676883698
1757403526.287525,-0.11770531240501333,0.016131225660919245,0.26195792974889653,-0.6935668332203692,0.716328165245702,0.07631314768191855,-0.003912930266786901,0.023842573165893555
1757403526.3653934,-0.11872632739683389,0.018960221798077014,0.272143544022517,-0.6985785449417862,0.711782472580224,0.07315877603864543,0.0012335976356245555,0.02365213632583618
1757403526.376517,-0.11889071717444326,0.019332076558288218,0.27356608369295526,-0.6992977811467348,0.711093859461829,0.07296255090632214,0.002145340107345903,0.0241257231682539
1757403526.3876407,-0.11906583274148724,0.019763071598531606,0.27499939499775483,-0.7000099631372572,0.7103996300672162,0.07286666860257819,0.0029775351719908243,0.023675404489040375
1757403526.3987656,-0.11920930095025879,0.02012921976394976,0.2764099083891479,-0.7006959041058629,0.7097237580398411,0.07282753185625966,0.0036861696648606596,0.024361250922083855
1757403526.4098895,-0.11940753425103853,0.020513661637674038,0.2778236588068409,-0.7013289407775128,0.7091165894788765,0.07261466244794047,0.004300017594144307,0.023675404489040375
1757403526.4432619,-0.11989966785242914,0.021493849935349356,0.2820312622674877,-0.7027286690964395,0.7078123537925706,0.07167611487301383,0.006051777034733664,0.02415662258863449
1757403526.454386,-0.120092064467319,0.021828328456490815,0.28341031170459535,-0.7030589396666969,0.7075226764947201,0.07123865249817289,0.006696565592325444,0.023703984916210175
1757403526.4655108,-0.12021254315908443,0.02210730930948759,0.2848149404238852,-0.7034375944939463,0.7071791456159214,0.07083967907817344,0.007412592434980969,0.023703984916210175
1757403526.610121,-0.12183678218312496,0.025177408388175657,0.30275014841556497,0.7072742453885746,-0.7038134465756145,-0.06456944311117888,-0.015510036933845723,0.023727456107735634
1757403526.6323693,-0.1221186858255833,0.02537016696325217,0.3053122243355094,0.7076543200109102,-0.7034979708966044,-0.06363785235874699,-0.016315393388545776,0.023732982575893402
1757403526.6434932,-0.12222384583923135,0.025427716074084276,0.30662116915707033,0.7076619278066559,-0.7035153576824101,-0.06318099397946822,-0.0169970420286646,0.023730745539069176
1757403526.654617,-0.12229492100591022,0.025511825475404436,0.30794290250683776,0.7077310058636128,-0.7034551906286884,-0.06283899870197601,-0.01785716547964632,0.02391788735985756
1757403526.6657422,-0.12244169426022863,0.025594144800585313,0.30922350659052605,0.7079061833031531,-0.7032774774741283,-0.0625858001929646,-0.018778789444368497,0.02391788735985756
1757403526.6768653,-0.1225988124287104,0.025755160322465054,0.3104400823869097,0.7083049751876914,-0.7028743765316867,-0.06236585814446012,-0.01954923726034672,0.023727456107735634
1757403526.6879885,-0.12275649881727581,0.025916622993009064,0.31163020575634237,0.7087138623388284,-0.7024492127549563,-0.06228224828638022,-0.020265398518561163,0.023730745539069176
1757403526.7436085,-0.12348082149736875,0.025895458835666428,0.31730720577539684,0.7091580375749269,-0.7021265480023462,-0.060219478209214576,-0.02206360753361982,0.023891402408480644
1757403526.7547321,-0.12356280411977039,0.025831517275078136,0.31854771265860665,0.7092789918706498,-0.7020449809576638,-0.05950641435881556,-0.022696763056992374,0.023910295218229294
1757403526.888244,-0.12488401398323723,0.024960881593854806,0.3324637789102342,0.7107448329689878,-0.7006126189726215,-0.05564595871596951,-0.029787041188923672,0.02391788735985756
1757403526.899371,-0.12492413916420592,0.024829043678688788,0.3335333952787885,0.7108107396932435,-0.7005506945416607,-0.055284619388693584,-0.030338549289444353,0.02345685102045536
1757403526.9550056,-0.12567252612370802,0.02420388237293303,0.3390598919416031,0.7111045541905476,-0.7001744746552857,-0.05437257473805183,-0.033610134885361055,0.023597288876771927
1757403526.9772599,-0.1260178474361661,0.023976711244414847,0.34112599414715933,0.7110989501716595,-0.7000975647497393,-0.054677343095447944,-0.03481481076023717,0.023808982223272324
1757403526.9883869,-0.12621754974317512,0.023887330494012565,0.34215892995088826,0.7112328184635542,-0.699938353014656,-0.054697150774023186,-0.03524771789383546,0.02360065095126629
1757403526.9995139,-0.12631741069578517,0.02374959486207525,0.3431603469915617,0.7113785515218807,-0.6997788528481709,-0.054575574731826275,-0.035659783844265026,0.02360065095126629
1757403527.0885305,-0.12777897586798634,0.023729190956796965,0.35179840915255295,0.7123210661636058,-0.6986900094269606,-0.05205508695308097,-0.04148779758922954,0.02360065095126629
1757403527.0996573,-0.12791492547018665,0.02358674419485617,0.35272533480957036,0.7121267322124494,-0.6988281874815576,-0.052282830191678446,-0.042204114927427025,0.0236172154545784
1757403527.110785,-0.12805888252679054,0.023577372321868614,0.35365795445599113,0.7120704361216263,-0.6988379035174268,-0.052375272547004734,-0.04287317849835186,0.0236172154545784
1757403527.188674,-0.12915108226546698,0.024720324193653914,0.35946293051623496,0.7139126155784787,-0.6969170734767863,-0.050338891482816374,-0.04584065901280137,0.023574888706207275
1757403527.1998007,-0.12926741103362527,0.024787420551981295,0.36013949255138084,0.7137881314785779,-0.697024129750003,-0.05026311297804618,-0.046232946913728167,0.02360065095126629
1757403527.255436,-0.12956828872040724,0.025482744107837935,0.36309784478965085,0.7138595364307251,-0.6967771649980402,-0.05082335662833377,-0.04819886933563268,0.023447733372449875
1757403527.2665632,-0.12948327043382402,0.02548779939610822,0.3636091500305311,0.7140614937541182,-0.6965498645463251,-0.05079212708768133,-0.04852452126546571,0.023444458842277527
1757403527.2776904,-0.12944206780019882,0.025489429652767497,0.364058523676358,0.7140651614816941,-0.6965320912700732,-0.050653289701288136,-0.04886957367829332,0.02345685102045536
1757403527.377833,-0.12962973105787912,0.026487430420081698,0.36640593505708624,0.7138693439745304,-0.6967595607322632,-0.049631257929096666,-0.04953193412267188,0.023430759087204933
1757403527.4112136,-0.12974396538410865,0.0269070751401249,0.36646114041012445,0.7133777923730905,-0.6973359756835531,-0.049707262659078356,-0.04841332879800861,0.023217231035232544
1757403527.4223413,-0.12972298911392477,0.02720827032436462,0.3664573372151368,0.713396726993846,-0.6973178180030134,-0.049796475536841,-0.04830405401302404,0.023592285811901093
1757403527.433468,-0.12973669357132347,0.02741490282308183,0.36640294077976276,0.7134120818310429,-0.6973026562904809,-0.05012516131325882,-0.04795492916329482,0.023466864600777626
1757403527.522485,-0.12880147992674634,0.03187724733567433,0.36682380596960545,0.7151939628600678,-0.6955110123279383,-0.050974905762224965,-0.046514365540238,0.023254340514540672
1757403527.5336115,-0.12863892982611044,0.03273986374736429,0.36700023409832516,0.7157620643738807,-0.6948939391102478,-0.051272267258581486,-0.04667156737510113,0.023254340514540672
1757403527.5447385,-0.12855784629087982,0.03369955587307465,0.36716949944483135,0.7162209685130493,-0.6943778247637444,-0.05166638408788848,-0.04687798517303368,0.023254340514540672
1757403527.6337538,-0.12815434216863217,0.04326072153104484,0.36894667549756965,0.7212157015157887,-0.6889494990743696,-0.053490876998110004,-0.04832417293898192,0.023278482258319855
1757403527.64488,-0.1282484190836074,0.044900415077742506,0.3692136911587838,0.7221946771671554,-0.6878747999135343,-0.0539369510075091,-0.04851714368506506,0.023275353014469147
1757403527.7005157,-0.12867840572857592,0.05247757652824886,0.37046906614078967,0.7258268753474499,-0.6838267115764287,-0.05571064785550041,-0.04952473395633483,0.02363090217113495
1757403527.7116425,-0.12884055533822947,0.054182422088953124,0.3707857573553296,0.7267564420108449,-0.6828337751398011,-0.05566189374110145,-0.04964738773811971,0.023278482258319855
1757403527.7672775,-0.12953471581795123,0.06257719257697966,0.3718923173250745,0.7312566686685618,-0.6780342198432785,-0.054960900964411585,-0.0501256482696648,0.02376852184534073
1757403527.7784038,-0.12974905336927778,0.06432066062628337,0.37205444878373223,0.7318205570759038,-0.6773942430199181,-0.05528317392845995,-0.05019444635596135,0.0236265379935503
1757403527.8451607,-0.1308809984501147,0.07459770253029521,0.37285282276557014,0.7371509884183753,-0.6714200432066265,-0.057193108391372025,-0.050323893000807154,0.023275353014469147
1757403527.856287,-0.13105619369869076,0.0762341736375683,0.3731083392209868,0.7381229630530993,-0.670411785166009,-0.05661422009113691,-0.05017329775598085,0.023496611043810844
1757403527.867412,-0.13106105131885712,0.07783654239491881,0.37339196821301135,0.7391439034712588,-0.6693362829755353,-0.056202116562405154,-0.04996551158219541,0.02396850660443306
1757403527.956416,-0.1314788115820338,0.09042077261553458,0.37448967811558365,0.7442598461443879,-0.6636694255324488,-0.05633169570480782,-0.04946630256631584,0.023794787004590034
1757403527.9675422,-0.13151236319989265,0.09207179905369427,0.3747317700900319,0.7451280440492796,-0.6627126360556517,-0.05607697550967817,-0.04951295589188169,0.023250170052051544
1757403528.023169,-0.13166805614584826,0.09980834328809143,0.37530595858178095,0.7497735041738063,-0.6575726620990695,-0.05537668921100151,-0.048696085991611314,0.023945840075612068
1757403528.034295,-0.13174751706687618,0.10127530601285256,0.37546060656911634,0.7502594024750229,-0.6570706846076484,-0.05511879470618217,-0.04827901093845683,0.02350366860628128
1757403528.0454206,-0.13177819178151848,0.10277648820436418,0.3756148405628351,0.750707624125203,-0.6566108429380504,-0.05477729322273107,-0.047955314238014204,0.023250170052051544
1757403528.134424,-0.1320219871830918,0.11423598875829523,0.37584648501297513,0.7559116729261238,-0.6508197617460753,-0.05362183794702863,-0.046431443548457484,0.023002583533525467
1757403528.1455514,-0.1321068557924845,0.11586037473802376,0.3757091069942496,0.7560625645572328,-0.6507204222919963,-0.05306303048551378,-0.04600701341055994,0.023250170052051544
1757403528.1566763,-0.1321903053325691,0.11722751597713925,0.375745855503353,0.7564517566752705,-0.6502845755896199,-0.05295861630043666,-0.045892216471512634,0.022999819368124008
1757403528.256805,-0.1324960318601539,0.1292045186678547,0.374678042644854,0.7608271885125695,-0.6450849937174641,-0.054391714002555644,-0.04526457277455281,0.022999819368124008
1757403528.2679298,-0.1325348680628916,0.13058199046024874,0.3746337496492785,0.7614714717728225,-0.6443371556188848,-0.05435585626568906,-0.045125031354230384,0.023002583533525467
1757403528.3346827,-0.13261674049276187,0.13768389584226923,0.37398665644227835,0.763721217933475,-0.6416701662874712,-0.05538030071818479,-0.04384428431599931,0.022999819368124008
1757403528.3791854,-0.13271964039088727,0.14222225916871906,0.37381443088347344,0.7652310261080638,-0.6398969077821393,-0.0555493709852689,-0.04321679622088134,0.024042941629886627
1757403528.3903103,-0.1326333543113819,0.14329684028634543,0.3738347363819625,0.7656548721941833,-0.6393787884741675,-0.0557253093137625,-0.043151725765029056,0.022999819368124008
1757403528.4570627,-0.1324637213297451,0.14927442488630757,0.373603401621582,0.767047892960545,-0.6376354624544566,-0.0567834033201166,-0.042827468202833424,0.02383239194750786
1757403528.468188,-0.13236889427175783,0.15033010965740812,0.373529692118909,0.7673466842038674,-0.6372674174326965,-0.056949178449036554,-0.04273284444044542,0.023251265287399292
1757403528.4793139,-0.1322958947044463,0.15140590077928626,0.37345008325492923,0.7677699520439044,-0.6367609803255772,-0.05700279725624385,-0.04260793093162651,0.022999819368124008
1757403528.5683165,-0.13128447187535772,0.15846045642923862,0.3723029109339264,0.7693615255777002,-0.6349629821756214,-0.0566160361493819,-0.041224733815113476,0.023002583533525467
1757403528.5794413,-0.13109506451607802,0.15937291470741197,0.37214149776446964,0.7696977058212393,-0.6345486042541583,-0.05663924164582561,-0.04129778200347367,0.022999819368124008
1757403528.590567,-0.13092287737291416,0.16019965875878314,0.37195706006571916,0.7700157807081581,-0.6341462933169846,-0.05681703856353241,-0.04130375602296547,0.023426908999681473
1757403528.6906955,-0.12903580812697688,0.16554910887727797,0.3692371865435992,0.7706219108703223,-0.633689495654121,-0.05587813486029572,-0.038172341148183096,0.022999819368124008
1757403528.7018206,-0.12893498262885617,0.16615609367020828,0.36882182062734253,0.7708326398968289,-0.633460883194507,-0.055826832850106,-0.037785122284401215,0.023426908999681473
1757403528.7574475,-0.12831397511190112,0.1678332208775766,0.36678266735131027,0.7703247338943973,-0.6341794047877923,-0.05602007901965509,-0.03574965230822684,0.022999819368124008
1757403528.7685723,-0.12820858077661093,0.1682103665981982,0.3662843070078064,0.7704213432454038,-0.6340792396731663,-0.05601748211777272,-0.03544733254607889,0.022999819368124008
1757403528.7796974,-0.12809868857146717,0.16855026302190915,0.3658542899018384,0.7705910451315665,-0.6338754607905241,-0.056174095595283184,-0.035154122869052826,0.023251265287399292
1757403528.8798552,-0.12652880820843848,0.16997836459709487,0.3623757490211411,0.7702187400225249,-0.6343599397313294,-0.05717079915594871,-0.03289466683291728,0.023002583533525467
1757403528.8909853,-0.12632708559620157,0.17005073890582706,0.36206062681905815,0.7702935714209476,-0.6342156757110814,-0.05770585188498428,-0.03298977369013557,0.024068929255008698
1757403528.9021146,-0.1261694058774073,0.17015023133409446,0.3617192988464879,0.770403534792289,-0.6340414459707114,-0.05817171246552659,-0.03295284873487877,0.023250170052051544
1757403528.9911518,-0.12505626609223042,0.17085240468136598,0.3591841051115126,0.7705075462674125,-0.6340353054883165,-0.0581111693805475,-0.03066666810290131,0.023250170052051544
1757403529.0022821,-0.12494493321263886,0.17091430414430453,0.35880799052902007,0.7706321480494829,-0.6338635913528301,-0.05843743393650563,-0.030464836530807626,0.023792974650859833
1757403529.0134118,-0.12480419608397533,0.17093319823664624,0.3584237839836334,0.7706438611840384,-0.6338312103394588,-0.05879042915086644,-0.030161589136357175,0.023163747042417526
1757403529.0245411,-0.1246844733355249,0.17095922946909722,0.358065442971543,0.7705297472956275,-0.6339635115761002,-0.059022011566941784,-0.029842531280506655,0.023001698777079582
1757403529.0913193,-0.12401633805823992,0.17124428815319495,0.3562298236826675,0.7700709509615623,-0.6344833487267968,-0.05973791584178584,-0.029206028221324794,0.02363090217113495
1757403529.10245,-0.12398089873257384,0.1712946266722342,0.35585888805734556,0.7701845818055373,-0.6343324936686839,-0.06000070275566301,-0.02894672855307371,0.02363090217113495
1757403529.2360082,-0.12375696653599172,0.17125166098290065,0.35082951116486877,0.7700955192927873,-0.6346407711475772,-0.059721918533849255,-0.02484502382806326,0.024060525000095367
1757403529.2471378,-0.12372101640593508,0.17115157326318348,0.35036688339953154,0.7698812961493531,-0.6349174705371493,-0.05970437034975586,-0.024453703344059198,0.023278482258319855
1757403529.3250468,-0.12396589647362041,0.1705732740726581,0.34639354940496403,0.7698190412363326,-0.6349605047013783,-0.061128716468094084,-0.02161206242605569,0.023278482258319855
1757403529.3361773,-0.1239299834765718,0.17036032876555057,0.3458088239462778,0.7695977429074004,-0.6352525181736342,-0.061021027231728295,-0.021212885269954924,0.02379623055458069
1757403529.347307,-0.12390749851869487,0.17022734215257698,0.34525438649072665,0.7694752128848097,-0.6354242216875892,-0.0608987173580145,-0.020863879618779724,0.023111095651984215
1757403529.436345,-0.12399863276951154,0.1697036653586079,0.34005871779719726,0.7693480339742044,-0.6354937782691895,-0.06264107377571147,-0.0180929897309074,0.023280056193470955
1757403529.4474757,-0.12390514410498792,0.169641493212384,0.3393497597330921,0.7692508281529651,-0.6356000788713392,-0.06284984190760814,-0.017765148378595243,0.023413585498929024
1757403529.4586053,-0.123847760795209,0.16963142382319768,0.33859749433863995,0.7692480081143951,-0.6355933026289339,-0.06306746827319092,-0.017353677157601825,0.02331727184355259
1757403529.5476458,-0.1237098002921275,0.1696028307904066,0.3316558713339369,0.7684571790636986,-0.6362662921044399,-0.06655990440794109,-0.01444121194139231,0.023097572848200798
1757403529.5587754,-0.12369048295374868,0.16957758088290353,0.330672458924492,0.7682901787029318,-0.6364299348225563,-0.06703690126000862,-0.013899397103098735,0.023860104382038116
1757403529.6255558,-0.12365000614316782,0.16955984609369754,0.32453300584911127,0.7678018842264371,-0.6368944877621883,-0.06882183619123194,-0.01045145443180202,0.02311890386044979
1757403529.6366856,-0.12359761824744034,0.169478913202948,0.3234824037860777,0.7677150045391401,-0.6369804877702541,-0.06908316899491822,-0.009851180998088127,0.023097572848200798
1757403529.6478167,-0.12355240226626898,0.16949067127720108,0.32249798379129757,0.7676286602231465,-0.637078405642797,-0.06922528850798684,-0.009230628290376876,0.02331727184355259
1757403529.7257266,-0.12365528226597064,0.16993790993186805,0.31592089936635986,0.7677475125313783,-0.6371749362885719,-0.06732941064352314,-0.006213536024754897,0.023512383922934532
1757403529.7368562,-0.12352519092716774,0.16991139034627453,0.3150286769436538,0.7676684335644726,-0.6372726212381044,-0.06734032352503698,-0.005836365009828508,0.023482436314225197
1757403529.814762,-0.12295487747771165,0.17031765294650994,0.3092207225955025,0.7671875392787041,-0.6378602533481372,-0.06744204901248987,-0.003024367559346426,0.023853730410337448
1757403529.8370125,-0.12295950021959644,0.17046858002526707,0.3074882745621181,0.7670068940442963,-0.6379968909176955,-0.0682296926061208,-0.002258476200913548,0.023458246141672134
1757403529.8481388,-0.12292330489036712,0.17054181986457778,0.30665095643170065,0.7669620410319845,-0.6379940032082073,-0.0687678799200914,-0.001964224456161493,0.02346610464155674
1757403529.9148898,-0.1225229383759587,0.17119810222396617,0.3023241301759155,0.7667499326456465,-0.6379779992431881,-0.07126066838541471,-0.0007282930861075322,0.02344161830842495
1757403529.9260154,-0.12241885759787796,0.17138105566733983,0.3015549978499875,0.7669261028187956,-0.6377585794181929,-0.07133098167305559,-0.0004881057477653299,0.023033689707517624
1757403529.9816403,-0.12174574978717746,0.1719379775547457,0.29817562917895435,0.7667860332622373,-0.6380339402913607,-0.07036321695700887,0.0009423002198070642,0.023010946810245514
1757403529.9927661,-0.12152291115491246,0.17194518164148373,0.29752893560294863,0.7666729151704073,-0.6381959587645347,-0.07012330706446217,0.0011318865088346688,0.023009007796645164
1757403530.0595176,-0.12021450278644083,0.17240939499960534,0.29378320451091783,0.7668636854533923,-0.6382126475980393,-0.06779340278906966,0.0029595467593171473,0.022999005392193794
1757403530.0706427,-0.11996769001451739,0.1724266653832704,0.2931922844729596,0.7668222656990632,-0.6382546691821674,-0.06785502962755588,0.003207031269070424,0.023254407569766045
1757403530.1151435,-0.11907621286147661,0.17210895046780292,0.29059816414375456,0.7658973121089908,-0.6392268543115341,-0.06905709817311562,0.004631762419694514,0.023255927488207817
1757403530.1262693,-0.1188487419522274,0.1719798009796736,0.2899201613449821,0.7657385553903611,-0.6393738721980294,-0.06943015984710697,0.004996923332002265,0.023255927488207817
1757403530.1818936,-0.1179671368874812,0.17163622349118482,0.28675737950405844,0.7654072618762418,-0.6398686779532098,-0.0683697344366523,0.006736308676655751,0.023033689707517624
1757403530.1930192,-0.11775142857503737,0.1715454815398731,0.2861141941121455,0.7653199242219472,-0.6400081019088507,-0.06802040916092728,0.0069474468348697145,0.023240914568305016
1757403530.2041442,-0.11757289827880396,0.17146955662740143,0.28548404106151953,0.7652005107553473,-0.6401865729018213,-0.0676655718136336,0.007120435879249362,0.023538270965218544
1757403530.2708962,-0.11647016073784686,0.17038369348002166,0.2813135653601633,0.7632599295040603,-0.6424376972723423,-0.06806180743855535,0.008699166917816798,0.023380372673273087
1757403530.282021,-0.11628045523384198,0.1702006134023481,0.2805859651217188,0.7628393090328263,-0.6428881600865806,-0.06850005671975962,0.008873806635335593,0.023262375965714455
1757403530.3265212,-0.1153650026399287,0.16939297181247828,0.27771417215580596,0.761473437734494,-0.6443308015808177,-0.06993596746767328,0.010246082831655932,0.023472260683774948
1757403530.337647,-0.11512824127273368,0.16924260496650223,0.2770891818023481,0.7611666473798921,-0.6446969694021765,-0.06984975138933397,0.010590788023199044,0.023472260683774948
1757403530.3487713,-0.11485490862868247,0.16908342049036548,0.2765103890201277,0.7608621049534163,-0.6450754312054152,-0.06964639195171855,0.010766865333602873,0.023472260683774948
1757403530.4155216,-0.11333777639668217,0.1684335501439674,0.2732745031605106,0.7598702775916318,-0.6463730414897987,-0.0683262442022993,0.011427021538933872,0.023048467934131622
1757403530.460021,-0.11249341340406177,0.16824872758018833,0.2709409620300328,0.759194619200039,-0.6469062370343369,-0.07062526827922017,0.012162324788882146,0.023053165525197983
1757403530.4711466,-0.1122921834519531,0.1682353980189355,0.2704457100501885,0.7590879310911147,-0.6469939487899304,-0.07092073002376766,0.01243354953019687,0.023306140676140785
1757403530.4822714,-0.11212862187844408,0.16821259908954247,0.2699800084007139,0.7589692828553954,-0.6471303327814036,-0.07090554328750714,0.01266349111817365,0.023306140676140785
1757403530.4933958,-0.11194133073166879,0.16818397161374282,0.2695221479144772,0.758752857706794,-0.6473909272535764,-0.07082809661931891,0.012746331268741636,0.02300703525543213
1757403530.5045216,-0.11179670815315132,0.1681775711751924,0.26908274917664166,0.7584671200740117,-0.647722572746771,-0.07085160158199,0.012772903906539018,0.023306140676140785
1757403530.604646,-0.11085972426829684,0.16901036128526065,0.2647348060230778,0.7574674910986277,-0.6487768301653386,-0.07128022192494353,0.015835230711827224,0.023306140676140785
1757403530.6157703,-0.11083129712977094,0.16916554859962835,0.2641625564142503,0.7572094778810685,-0.6490674682123986,-0.07129509486718819,0.016193756923746062,0.023306140676140785
1757403530.6268952,-0.11080875863939293,0.16939217655138114,0.26362425888936275,0.757102232086629,-0.6491762557586094,-0.07140623779694862,0.016356904730499406,0.02303503267467022
1757403530.6380205,-0.11080772926227805,0.16962045817817076,0.26312281088726364,0.7571509096157351,-0.649088921424526,-0.07166881724280044,0.016421107972014244,0.023306140676140785
1757403530.7158942,-0.11111270624747487,0.1718220423457052,0.25964627625196,0.7584768689792519,-0.647284767210895,-0.0734668107939196,0.018381976823466564,0.02303503267467022
1757403530.7270188,-0.11117615071631762,0.17204292599148996,0.25920287280965676,0.7585408144752599,-0.6471891134144064,-0.07354615090820629,0.018789569970361793,0.023053165525197983
1757403530.7381442,-0.11124335291331443,0.17228363499107469,0.25879095593904994,0.7585391588322408,-0.6471631535990998,-0.07371398297280916,0.01909046505533852,0.022579165175557137
1757403530.7492688,-0.1112939576261994,0.1725460955306164,0.2584051954800655,0.7585538034347477,-0.6471071307251817,-0.07399847469558994,0.019305812648707853,0.023053165525197983
1757403530.8493981,-0.11152005250698699,0.17540791562554983,0.2562327431082556,0.7600755186556358,-0.6453337054850538,-0.07353905672641092,0.020533427407172466,0.023306140676140785
1757403530.8605242,-0.11151958450043845,0.17566740036948394,0.2560794074292997,0.7602117743722271,-0.6451714798720468,-0.07351313041947474,0.02067944200099924,0.023053165525197983
1757403530.9717877,-0.11099489185922085,0.1773129807530397,0.25507277974898845,0.7608452762801343,-0.6444407403845207,-0.07314096873220316,0.021470826434298308,0.023053165525197983
1757403530.9829147,-0.11095125696642236,0.17746768195017132,0.25506656879915324,0.7610588159998783,-0.6442365080808016,-0.0726457795027276,0.02171153990760873,0.023053165525197983
1757403530.9940407,-0.11094729034434672,0.17765842081626568,0.255069460723135,0.7612411617225804,-0.6440795122485979,-0.07206751969845696,0.02190315514661332,0.023053165525197983
1757403531.0607994,-0.11116772998203103,0.17841627931422657,0.2548726118030994,0.7623875600363912,-0.6429053381658877,-0.07024705277503293,0.022434037442812377,0.023053165525197983
1757403531.0719256,-0.11121431461338413,0.17846043187227767,0.25479862232460665,0.7624335518810315,-0.6428720751894129,-0.06997359075575862,0.02267753303333587,0.023053165525197983
1757403531.127559,-0.11103652927807117,0.17847789732760105,0.2544087493437919,0.7618176536810012,-0.643678514949195,-0.06923415146773937,0.022769809031150667,0.02303503267467022
1757403531.1386855,-0.1108622555780591,0.1785002132560998,0.2542856536881133,0.7616736437798407,-0.6438079365895452,-0.06964728857284322,0.022668399809067572,0.021890515461564064
1757403531.183192,-0.11057782697733372,0.17843193604297927,0.2537701979563278,0.7611684696935841,-0.6443171414484912,-0.070612206548029,0.02217877964160809,0.02303503267467022
1757403531.1943183,-0.11056533560604248,0.17834897260891971,0.253646500615771,0.7609370003341781,-0.6445840266159393,-0.07073143640505204,0.021985860412621804,0.023306140676140785
1757403531.2499497,-0.1103570055070142,0.1780857158164159,0.25294714627581566,0.7606125869679918,-0.6449487974518561,-0.07093204174774118,0.02186747961609812,0.0230245403945446
1757403531.2610765,-0.11032443843061367,0.1779717310169242,0.2527945129938328,0.7604609018515349,-0.6451225822563201,-0.07093941731852788,0.021992491641367566,0.023306140676140785
1757403531.2722027,-0.11022465030872942,0.17786614517530866,0.25264504576411356,0.7602505858916851,-0.6453673972754929,-0.07092053566723815,0.022141517695897277,0.023629842326045036
1757403531.350087,-0.10974836068632035,0.17745061187330166,0.25198842174383823,0.7595996096033869,-0.6461460392284234,-0.07068850369147071,0.02251365198415951,0.023306140676140785
1757403531.361214,-0.10970259154512188,0.17743355685169163,0.25193455273806753,0.7595513019598655,-0.6462338931489874,-0.07032375980969051,0.022762773179143797,0.023008430376648903
1757403531.4168456,-0.10940928120832863,0.17735567463928542,0.251692258262988,0.7586264525921022,-0.6474294441483692,-0.06934436145761226,0.022635808165218315,0.023126808926463127
1757403531.4279728,-0.1093664347946555,0.17744616048300574,0.2515323470683773,0.7585755809460664,-0.6474818222947833,-0.0693172275904521,0.022923781305404626,0.023306140676140785
1757403531.4836044,-0.10953450542849738,0.1778823767857395,0.2505762341846485,0.758365141939896,-0.6476144901518336,-0.0701558562062362,0.023578368811946967,0.023126808926463127
1757403531.4947317,-0.10957948712889067,0.17798873220790518,0.25038039723145417,0.7583680945892166,-0.6475799686829171,-0.07039899258488339,0.023706520469828223,0.023008430376648903
1757403531.550363,-0.1098756963020352,0.1788670174492631,0.24953875927606442,0.7589576654362411,-0.6467758041406443,-0.07112074518863189,0.02462033423020629,0.023306140676140785
1757403531.5614903,-0.10994065570582973,0.17894583195830757,0.24938837250093432,0.7589694594156203,-0.6467497021729921,-0.0711473915793533,0.024864253155109674,0.02300703525543213
1757403531.5726163,-0.10997958469960968,0.1790406396305137,0.24923965499274753,0.7589946297702752,-0.6467215333051451,-0.07103050377716277,0.02516103877997234,0.023306140676140785
1757403531.639375,-0.11015882334208428,0.1793586465408193,0.24872310981665788,0.7590490663927063,-0.6467407083180852,-0.07004484371089513,0.025781599680755968,0.02311500906944275
1757403531.6505008,-0.1101538720671234,0.17932313674901565,0.24868564163935108,0.7589509301824693,-0.6468856510468577,-0.06970310633320118,0.025959911639877736,0.02303503267467022
1757403531.7061346,-0.11039744829966724,0.1795292813450749,0.24819546546766946,0.7590247381497824,-0.646930461647953,-0.0680065646972735,0.027157537198653443,0.023306140676140785
1757403531.7172613,-0.11045097363029385,0.17969472995664093,0.24804267617364467,0.7592908892038639,-0.6466066547912497,-0.06806535798821313,0.027281616403943887,0.023306140676140785
1757403531.7283878,-0.11054114411958521,0.17979792276870474,0.24790125545180064,0.7595557201884439,-0.6462672202156314,-0.06832277231907434,0.027309097136497488,0.023126808926463127
1757403531.8062797,-0.11094118291857431,0.17978915870174944,0.24704121602607432,0.7595653365054593,-0.6460938369525614,-0.0693759235449153,0.028464621261405615,0.023629842326045036
1757403531.8174112,-0.11094136528020074,0.1798774758211456,0.24695998110056572,0.7598814570429003,-0.6457344424600383,-0.06930499875362453,0.02835521488090315,0.023053165525197983
1757403531.8285427,-0.110978853506039,0.17996966434686223,0.2469039980227794,0.7603167634240792,-0.6452317342595995,-0.06933235387673732,0.02806159415630855,0.023629842326045036
1757403531.9064696,-0.11114710445879089,0.17993563220926106,0.24640218634001781,0.7610014363625658,-0.6444313658244752,-0.06926879503892251,0.028051071807845985,0.023306140676140785
1757403531.9398663,-0.1111138681215022,0.17967112135575714,0.24624095082115377,0.7606900773871934,-0.6447316245008057,-0.06982953945895733,0.028205920516224395,0.023262474685907364
1757403531.950998,-0.11112727161843226,0.17968010826911981,0.24620083449124874,0.7609336158241264,-0.6444055057148509,-0.07011275649728178,0.028386227110354295,0.023456735536456108
1757403531.9621305,-0.11109867433338767,0.17976584110911156,0.24617713187045726,0.7614745194682935,-0.6437254933297992,-0.07046347313674822,0.028441947741763413,0.02359813265502453
1757403532.0400577,-0.11114807418497025,0.18070254660038398,0.24647320723848606,0.764773062547764,-0.6392622949072585,-0.07550364291023327,0.027660097948180414,0.02531239204108715
1757403532.0511904,-0.11113245124545829,0.18067596746662487,0.2466816151472864,0.7649575171146769,-0.6390693606073596,-0.07520661057843676,0.027826517352207807,0.027324840426445007
1757403532.1291173,-0.11068404490316872,0.1808698658556735,0.24808771322894926,0.765318060607332,-0.6389744049510948,-0.07266547588311863,0.026827309598736214,0.028946038335561752
1757403532.1402493,-0.11063577940013698,0.18090377092105633,0.2481575841982302,0.7653379138274338,-0.6389163037761696,-0.07292451664554739,0.026941590511366745,0.029795696958899498
1757403532.1847804,-0.11080851531164437,0.18114977203363536,0.24793647646474967,0.7661109223250371,-0.6377532379326819,-0.07404260839882458,0.02936927547896744,0.030986536294221878
1757403532.1959126,-0.11092041993780433,0.18125274854086584,0.24786449798617827,0.7663434560172886,-0.6374473501565017,-0.07403828990766637,0.02994853628277888,0.03239767998456955
1757403532.2404418,-0.11113897239875756,0.18094094435923264,0.24817210094010375,0.7660348444145706,-0.6380475411239023,-0.07189831263515839,0.030275155634677902,0.03679487109184265
1757403532.251575,-0.11117298923954684,0.18085664916932784,0.2483674166945555,0.7659035285632003,-0.6382896491923225,-0.07116035771742914,0.030237595107887184,0.038293205201625824
1757403532.262707,-0.11121773407507649,0.18080191367246937,0.24850904241605093,0.7658319805718268,-0.6384526156237419,-0.07050697367319494,0.03013970471127496,0.03869645297527313
1757403532.2738395,-0.11126960245744111,0.18078681204116903,0.24866434605700732,0.7658301454694374,-0.6385119517226103,-0.07014952217740908,0.029761054012323287,0.038014259189367294
1757403532.2849739,-0.11135985874926224,0.18085550061714897,0.2487576290737276,0.76613551003961,-0.63815401123264,-0.07010469993192246,0.02968449513623683,0.043324489146471024
1757403532.2961066,-0.11143524270735022,0.18095847736079484,0.2488059058751833,0.7665734317354262,-0.6376063333531762,-0.07030811909350926,0.029666577403248663,0.04751736670732498
1757403532.44083,-0.11242055230578804,0.18147634364626827,0.24839762314043964,0.7692901599663798,-0.6335001476108899,-0.07749368801939835,0.029409880534179804,0.05213442072272301
1757403532.4519634,-0.11246631346475747,0.18156160887515146,0.24842172204740476,0.7695343225439584,-0.6331070687988334,-0.07848484280710225,0.02885299487583193,0.05420059338212013
1757403532.4964995,-0.11270094376351084,0.18138118335848535,0.24868353280590685,0.7697524279291211,-0.6329096923590085,-0.07811019225905731,0.028378140892270518,0.05708260089159012
1757403532.5076325,-0.11275629666420571,0.181279823348872,0.24875501797551217,0.7697345236404733,-0.6330072208526091,-0.07745094402143675,0.028495135279869285,0.06421314179897308
1757403532.5632975,-0.11287229926414043,0.18101624814301098,0.24889053548337617,0.7691004554099139,-0.633897160168558,-0.07647406647488944,0.028470984796718335,0.07428402453660965
1757403532.57443,-0.11289514047527525,0.18100797753490783,0.2488578947103751,0.7690723848173269,-0.633883333515453,-0.07693008400192641,0.02830810092858749,0.07412207126617432
1757403532.5855625,-0.11290429199416266,0.18103912880460812,0.24882047994627504,0.769114282841763,-0.6337828499408759,-0.07731089934714051,0.028382105132604408,0.07389536499977112
1757403532.6634939,-0.11300968467359153,0.18102663451740128,0.24924940608027424,0.7694746824750347,-0.6332302527690807,-0.07840876462056508,0.02793251937487311,0.07463617622852325
1757403532.6857605,-0.11307978725869669,0.18096218455893706,0.2496172329601589,0.769695823690111,-0.6330386754721303,-0.07787067808424813,0.02768631151294393,0.0741688683629036
1757403532.696895,-0.11319402168842882,0.18096390261011144,0.24979488108927975,0.7698851421441343,-0.6328787365392535,-0.07731808133353434,0.02762764993779765,0.07469141483306885
1757403532.7080278,-0.11323862628020319,0.1809957500373113,0.24997232734460617,0.7700573240853066,-0.6327390710592853,-0.07675154731792225,0.027607708378542362,0.07516948878765106
1757403532.7748263,-0.11330397797007735,0.18114610097388434,0.25051435478559303,0.7707977542159306,-0.6318049423413435,-0.07716781277382583,0.02717472355762509,0.07574263215065002
1757403532.80822,-0.11340682499392973,0.18124578375519518,0.25062731929509224,0.7712794387630483,-0.6311887337726141,-0.07729589470238185,0.027461871058610064,0.07486677169799805
1757403532.8193476,-0.11345458060435593,0.18126488171313584,0.25068051602860614,0.7714455132675655,-0.6310230436765629,-0.0769488739492076,0.027579144411274546,0.07492082566022873
1757403532.8304763,-0.11346559236284656,0.18122250475358154,0.2507597713468345,0.7715941783799697,-0.6308795135021187,-0.07664403019306931,0.027552785144760093,0.07574263215065002
1757403532.9083705,-0.11336769269912729,0.1809020896698048,0.25105875338223055,0.7712136870837456,-0.6314582793499389,-0.07575160754306595,0.027415036927755838,0.07574263215065002
1757403532.919498,-0.11328672889417413,0.18083226001919872,0.2510052682291499,0.7711313709586783,-0.6315544177000678,-0.07580157535773789,0.02737786295901257,0.07577480375766754
1757403532.9306264,-0.11323471638732739,0.18075279199247482,0.2510282686367183,0.7710350049448522,-0.6316825186204078,-0.07572646042970518,0.027344469456512758,0.07522445172071457
1757403533.0085213,-0.1130151182286557,0.18043997269352102,0.25147521051268895,0.7709406017037584,-0.6319719380603281,-0.074427348023164,0.026881741296994596,0.07570677250623703
1757403533.0196488,-0.1130210933304017,0.18033861732192416,0.2515926586260075,0.7709015418774336,-0.6320448401480973,-0.07419523525050334,0.026929534702331302,0.07577480375766754
1757403533.0307763,-0.11298710184870354,0.1802479822583728,0.2516801124046055,0.7707948388805852,-0.6321958257176334,-0.0740018117015343,0.026971951452262638,0.0759672001004219
1757403533.108671,-0.11304509442476635,0.18013383486706214,0.25268817765294826,0.7710354968401153,-0.631925185851605,-0.07388455480372597,0.02675620788502102,0.0760323628783226
1757403533.119799,-0.11305752949121464,0.18007912953118507,0.25290377788964297,0.7710853041215868,-0.6318492665205901,-0.0740185860584312,0.02674335586688574,0.0752791091799736
1757403533.1643095,-0.11330993632504446,0.1797704004791595,0.2542323507195353,0.7708612397326458,-0.6321267716826099,-0.07407837356224421,0.02647806961133538,0.07567017525434494
1757403533.1754382,-0.11331615884032126,0.1796830203812259,0.25469164329308047,0.77082621156778,-0.6321541578759602,-0.07427378810256162,0.026295943434211412,0.07567017525434494
1757403533.1865656,-0.11340117249846471,0.1796006747995493,0.25519820863028503,0.7708148401323448,-0.6321599483378596,-0.07442480429578056,0.026062050087380696,0.07643713802099228
1757403533.2644598,-0.11410531256663985,0.17922320734118197,0.26043093443003495,0.7712740008215593,-0.6317366522529217,-0.07427694105619884,0.022981598819719156,0.0755012184381485
1757403533.2755885,-0.11419087939667784,0.17917152413169612,0.26149863982878985,0.7713977789015593,-0.6316231691211041,-0.07418541719595992,0.022229773067115353,0.07618553936481476
1757403533.320099,-0.11466719577207465,0.17903484546205498,0.26596377538734145,0.7721430616084358,-0.6308231182240743,-0.07418833129053055,0.018798335679873362,0.07691554725170135
1757403533.3312266,-0.11476323647611567,0.17901795256616415,0.26712023447822664,0.7722787720238043,-0.630654146751495,-0.07442255992204355,0.01794792581883405,0.07518259435892105
1757403533.3757381,-0.11498798484755246,0.17860422169955045,0.2719565959644056,0.7722494782789856,-0.6305546077047407,-0.07628098526632147,0.014589081086701497,0.07513079047203064
1757403533.386866,-0.11502883223804422,0.17841011976937915,0.27322336597178976,0.7722111249697216,-0.6305606260670027,-0.07678524490216579,0.013685813541809798,0.0757526382803917
1757403533.4425046,-0.11498005385440671,0.17773020792176866,0.28018710814520664,0.7724877262001726,-0.6302235810260042,-0.07746454709457248,0.00895515115894005,0.07673265784978867
1757403533.4536333,-0.11503488909295675,0.17751018315240769,0.2817257799429023,0.7727348125723938,-0.6299664709273735,-0.07722515982547015,0.007709061937006053,0.07625672221183777
1757403533.4647605,-0.11497051910206654,0.17734328667335564,0.28326529729234545,0.7729641984829939,-0.6297310159175418,-0.07696035838006607,0.006503744538000219,0.07559241354465485
1757403533.542655,-0.11491253092103182,0.1757619869207843,0.2940361853545569,0.7728339831290332,-0.629861643002686,-0.07746370821022476,-0.0011485230478282594,0.07606787234544754
1757403533.5537837,-0.11492927553267746,0.17542461125176384,0.2954339519586091,0.7727849668908544,-0.6298508248931738,-0.07801807915713628,-0.002124300713288094,0.07541853934526443
1757403533.609422,-0.11515544012585349,0.17420276873289703,0.3028088800114552,0.7730036517865988,-0.6293798591115503,-0.07934164379620444,-0.0071589684329709715,0.0757860317826271
1757403533.6205504,-0.11516572808168196,0.1737818166766565,0.3042475956102208,0.7728708947885806,-0.6295062335641637,-0.07953233028748256,-0.008190868794097026,0.0757860317826271
1757403533.6316779,-0.11516069494581019,0.1733463392721484,0.30575649149621675,0.7727512392597121,-0.6296211323398496,-0.07965947922375137,-0.009333772199133656,0.07612480968236923
1757403533.7207007,-0.11475044735521475,0.17048091313080288,0.3177544628698964,0.7731719358475413,-0.6292132359356498,-0.0773627290085254,-0.017631491755017815,0.07599017769098282
1757403533.7318282,-0.11461763585348893,0.16999107134473615,0.3191498014706107,0.7731002358471908,-0.6292887670077248,-0.07722379104150279,-0.018659023235252908,0.07554012537002563
1757403533.798595,-0.11420922651664131,0.16687403527654807,0.32707676064090047,0.7719714266923504,-0.6307490079153061,-0.07530905853455651,-0.023331332732462223,0.07582390308380127
1757403533.8097224,-0.11410139013440011,0.16638347006901588,0.328338404281567,0.7719254775089855,-0.6308224401426364,-0.07488450709828703,-0.024216043889565112,0.07574979215860367
1757403533.8653445,-0.11393011060629088,0.16413595820316665,0.3342105599811459,0.7717955466354244,-0.6309997644522382,-0.07326921776921314,-0.02832936960883728,0.07581740617752075
1757403533.8764682,-0.11396889781878661,0.16372621335467988,0.3352611687820348,0.7719476121475912,-0.6308376012297255,-0.07280091264658146,-0.02899710489312189,0.07548733800649643
1757403533.8875914,-0.11405156399622471,0.16332141118064725,0.33628153122667875,0.7720364043039378,-0.6307796681717439,-0.07211431557967499,-0.02960280627011919,0.07552161067724228
1757403533.965462,-0.11462791057736141,0.1601412445248576,0.3426044056231727,0.7709411779815779,-0.6322464279381478,-0.06913529465514978,-0.03368182721847589,0.07617660611867905
1757403533.976586,-0.11481503547670471,0.15967753135604182,0.34332515371503,0.7707445116087304,-0.6324450435907321,-0.06925158215193818,-0.034210861316109877,0.07570625841617584
1757403534.0210824,-0.11543486026455008,0.1580459530774517,0.3461645733206923,0.7698624805444008,-0.6333383639020522,-0.06961578134852353,-0.03671404155263513,0.07689027488231659
1757403534.0322075,-0.11558649167354114,0.15768220161378207,0.3468810866001388,0.7697642650804073,-0.6334269785286157,-0.06957252625308152,-0.037321611274078584,0.0761481299996376
1757403534.0433316,-0.11584596559563447,0.15738725099079406,0.34760264967727655,0.7697242295939916,-0.6334548108062033,-0.06941547830118472,-0.037961881073402946,0.07569139450788498
1757403534.1323245,-0.11760891513872694,0.15526255460452137,0.35256312361405484,0.7693529688947777,-0.6333913463043059,-0.07116124045000927,-0.04298243289096112,0.07554228603839874
1757403534.143448,-0.11781035155098676,0.155043389283992,0.35311916412503314,0.7691824259566378,-0.6335148918134628,-0.07149109165657323,-0.04366121005869172,0.0756814032793045
1757403534.154572,-0.11801114546679278,0.1549249386582269,0.3537031242333873,0.7691071918102751,-0.6335333024560181,-0.07174539637447712,-0.04429763293849271,0.07622352242469788
1757403534.2435641,-0.11844790199407987,0.15349000022514359,0.3576231062659423,0.768922791966554,-0.6333883504422398,-0.0724894013660336,-0.04818946158665778,0.07625649124383926
1757403534.2546875,-0.11838003181655707,0.1532532034814017,0.3580910943836269,0.7687007829583544,-0.6336333416905762,-0.07245043887076649,-0.048567772078611314,0.0772150531411171
1757403534.2658124,-0.11823749288207414,0.15296693854987323,0.35850619032152264,0.7685202211338991,-0.6338508819397933,-0.07229659851267611,-0.04881527441227534,0.07671733945608139
1757403534.276936,-0.11808849295474391,0.1527274823962978,0.35890514194392914,0.7684298461461857,-0.6339826781537616,-0.07198623491631594,-0.048984868432059604,0.07655844837427139
1757403534.2880595,-0.11794712245317698,0.15254078014001812,0.35928643320944653,0.7683855184171915,-0.6340795624872505,-0.07149668031105079,-0.049142936697151744,0.07585969567298889
1757403534.354803,-0.1168059023042572,0.15144879039977516,0.36121316430139266,0.7678686972597872,-0.6347369682439052,-0.07007328853881484,-0.0507580451401435,0.07570625841617584
1757403534.3659267,-0.11658927407196464,0.15126316508825338,0.3614410673684329,0.7676914101963963,-0.6349590453918948,-0.07003018975130934,-0.05072161185409736,0.07655844837427139
1757403534.5439084,-0.1145806287180601,0.14992028395200768,0.3630530269457353,0.766324113241734,-0.6365031670082366,-0.06956090684055567,-0.05265312993806027,0.07655844837427139
1757403534.5550318,-0.11452518396716606,0.14995697295080995,0.3630320004730728,0.7664065243151368,-0.6363707353468863,-0.06980874816242345,-0.05272632512559976,0.07613896578550339
1757403534.6106505,-0.11439472776416691,0.149892035568184,0.3626445601554378,0.7660418593273989,-0.6366986269915338,-0.070834144620135,-0.05269964042809948,0.07692170143127441
1757403534.6217742,-0.11437020054462685,0.14989741626584596,0.3626021011628229,0.7659970771823947,-0.6367519054467106,-0.07080209737049445,-0.05274989730749224,0.07640288025140762
1757403534.6328974,-0.11438031805087567,0.1499167571940455,0.3625400687704176,0.7660217067207418,-0.6367167000367849,-0.07080189936508065,-0.05281741922136957,0.07719125598669052
1757403534.7330096,-0.11431622067174,0.15026079385025987,0.3615083912352865,0.7658937782045366,-0.6366889849102788,-0.07241337082189153,-0.05282197201648437,0.07681728154420853
1757403534.744134,-0.11430426799234045,0.15031148591020507,0.3613638338598855,0.7659468107254717,-0.6366177607382539,-0.07248077542011107,-0.05281900270346752,0.07622352242469788
1757403534.8220015,-0.11441774394660215,0.15088441439163086,0.3601751487933778,0.7664275030074436,-0.6358550670469253,-0.07428004777370548,-0.05253275975295103,0.07689027488231659
1757403534.855379,-0.11446264681293593,0.1509723966976571,0.35981566820045735,0.766187748092733,-0.6362200812095371,-0.0738206340800838,-0.05225760157461049,0.07689027488231659
1757403534.866505,-0.11448370329004995,0.15104507840637474,0.35969539525027705,0.7661682796090392,-0.6362368378932908,-0.0738588047908361,-0.05228508758088336,0.07622352242469788
1757403534.8776305,-0.11446167428210881,0.15112160032703784,0.3595882862364984,0.7661597455765015,-0.6362070990903511,-0.07415069223237274,-0.05235882128782622,0.07618121057748795
1757403534.9666383,-0.1148025403180652,0.1516505174994825,0.35923736173038656,0.7661797096758772,-0.636195504265496,-0.07412625236812646,-0.0522420476552815,0.0762111023068428
1757403534.9777641,-0.11486520611555254,0.15176294162879733,0.359275369783237,0.7662220252335056,-0.6361474602700652,-0.07412094155359386,-0.052214010210092504,0.07722041010856628
1757403535.04452,-0.11498610266301422,0.15268618433255401,0.35997821977255945,0.7670291180983898,-0.6349980500139075,-0.07502001565904172,-0.05306416604695273,0.07691619545221329
1757403535.0556464,-0.11496543383813716,0.15282062440871683,0.3601834063510672,0.7671195833527921,-0.6348865972677458,-0.07483227844865366,-0.05335432080539707,0.07664775848388672
1757403535.0667725,-0.1149540084331802,0.15296612141505486,0.36038296457458335,0.7672523651239624,-0.6347394026724096,-0.07452586289591924,-0.05362457147965868,0.07694563269615173
1757403535.0778978,-0.11498097308927982,0.15308682521255723,0.36055856580796725,0.767388797537038,-0.6345968605927002,-0.07414710069795855,-0.05388381388352758,0.07671733945608139
1757403535.0890245,-0.1149939881248159,0.15320123039605446,0.3607206084330241,0.7674785394481675,-0.6345134015758729,-0.0737526639799167,-0.05412928286046305,0.07671733945608139
1757403535.1001503,-0.11502112313653615,0.1532953263117651,0.3608581108430613,0.767525392709267,-0.6344732648509613,-0.07345318591429978,-0.05434222313161828,0.07671733945608139
1757403535.278164,-0.11601128041749172,0.15370368273423823,0.3601691677313576,0.7679288644627057,-0.6341573467622337,-0.07200063709567353,-0.05427363015609603,0.0772150531411171
1757403535.2892895,-0.11606955058329436,0.1536842228061749,0.3600125119796343,0.7678957474171537,-0.634205060598984,-0.07196110486799252,-0.05423708690063991,0.0772150531411171
1757403535.344919,-0.11640033283338676,0.15336553498427608,0.3591870088723176,0.7674878968328521,-0.6347485438655655,-0.07200275618628056,-0.05359307210086897,0.07643276453018188
1757403535.356045,-0.11649244882723454,0.1533329756830021,0.3590678849577012,0.7674277862198141,-0.6348091717777464,-0.07212489161182038,-0.05357152578180189,0.07689027488231659
1757403535.3671718,-0.11650476516434292,0.15329252348088873,0.358949542485207,0.7674679693299338,-0.6347549808477326,-0.07221322431809271,-0.05351897397341681,0.07689027488231659
1757403535.4561782,-0.1166325103245005,0.15296669710469996,0.3584083654419248,0.7676359538826745,-0.6346489734772673,-0.071690240582908,-0.05306818421664784,0.07563391327857971
1757403535.4673047,-0.11657467588834808,0.15289626214629967,0.3583826666777885,0.7675584677050187,-0.6347353722477777,-0.07179956521792763,-0.05300781363455032,0.07622352242469788
1757403535.5118077,-0.11645635436330071,0.1527739999171866,0.35843820371113394,0.7676050774165435,-0.6346937126922843,-0.07152501791019583,-0.05320251879537721,0.07641422748565674
1757403535.5229335,-0.11643605809765503,0.15276170539157471,0.3584881533430929,0.7676466343739726,-0.6346714416474843,-0.07128548250165817,-0.05319009189616093,0.07669571042060852
1757403535.53406,-0.1164282253388795,0.15272333405064978,0.3585359266042539,0.7676679199647952,-0.6346647731237743,-0.07110504091056777,-0.053203980770045955,0.07692170143127441
1757403535.5451856,-0.11642439861515974,0.1527038189918495,0.3585897160283999,0.7676688469578932,-0.6346638167042423,-0.07105931183341442,-0.053263077065677615,0.07595951110124588
1757403535.5563116,-0.11642178508875098,0.15268841482344173,0.3586555484436098,0.7676485310760924,-0.6346638996109608,-0.07117188853684273,-0.053404396349225676,0.07625389844179153
1757403535.6008155,-0.11641562751268698,0.15265908561054814,0.35894541262763,0.7677368053063597,-0.6344577919418262,-0.07170483899878777,-0.053869509803275824,0.07640288025140762
1757403535.611941,-0.11642378947849055,0.15268370174771131,0.35903382472252804,0.7678682257114653,-0.6343228393671009,-0.07150413265324784,-0.05385241325597172,0.07622352242469788
1757403535.6230667,-0.11644184678993277,0.15271075007386314,0.35914164783662755,0.7680250410953915,-0.6341676456743496,-0.07120483181922348,-0.0538405549365063,0.07658933103084564
1757403535.812206,-0.11671399101087379,0.15305533145248648,0.3603974065474126,0.7687414989071072,-0.6333802445921561,-0.06972989573736575,-0.05480616077495768,0.07573885470628738
1757403535.8233316,-0.11667944278846154,0.15307075724154134,0.36041692396999514,0.768723767832487,-0.633370243311661,-0.06996897979299116,-0.05486570443801995,0.07591612637042999
1757403535.878961,-0.11645435016752163,0.15318449201390363,0.3604022703956202,0.7688740939654939,-0.6332356392449763,-0.06946253811432537,-0.054956424715069924,0.07724665850400925
1757403535.8900867,-0.11641052972611657,0.15320907013907734,0.36037006424790985,0.7689205986567789,-0.6331948205341628,-0.06932906277417028,-0.054944638181220404,0.07622352242469788
1757403535.9457161,-0.11627312149140756,0.1532378325112881,0.35990694599778084,0.768837377458269,-0.6333403771490164,-0.06922706750013241,-0.05455883815813121,0.07681716233491898
1757403535.956842,-0.11624707513387479,0.15324688533907166,0.3597743586206162,0.7687653400481841,-0.6334316996073494,-0.0692787565068677,-0.05444802815535789,0.07622352242469788
1757403535.9679673,-0.11622387759441338,0.15328210748523025,0.35964746382262675,0.7687321350051319,-0.6334728225633053,-0.0694042236187405,-0.054278369798754736,0.0760149136185646
1757403536.0792265,-0.11605989693512306,0.15320864122232386,0.35927116228344813,0.7674200835310836,-0.6351001081215273,-0.06876532579232938,-0.05464062614798445,0.0760149136185646
1757403536.090352,-0.11620792809595959,0.1532468868638481,0.35926293913906354,0.7675180023486962,-0.6349973885207407,-0.06873694712276193,-0.054494630402903026,0.07655844837427139
1757403536.1014776,-0.11626447207326218,0.1532852701561725,0.3592181910214467,0.7675699314013824,-0.6349440970504303,-0.06873643828344927,-0.05438470448017854,0.0753212496638298
1757403536.1126032,-0.11631633725137408,0.15328870146405701,0.35918281636754573,0.7675693228584655,-0.6349560978072639,-0.06870592743048806,-0.05429165681654753,0.07634059339761734
1757403536.1237297,-0.11634289802578421,0.1532836459079037,0.3591616525741501,0.7675229954368143,-0.6350346411606713,-0.06858351826014768,-0.05418262659466803,0.07634059339761734
1757403536.1348553,-0.11639920251601449,0.1532965727483105,0.3591602113411533,0.7674519539191695,-0.6351540940260774,-0.06835751756210351,-0.05407425506013376,0.07625389844179153
1757403536.2906168,-0.1169331079345283,0.15467505735867285,0.359800533016837,0.7677868057314927,-0.6350166642060464,-0.06615591144727144,-0.05367171047988817,0.07635001838207245
1757403536.3017426,-0.11697465107491861,0.15478260750041606,0.3598983782619016,0.7677747002755944,-0.6350207367906442,-0.06616914127718333,-0.053780277102565784,0.07622823119163513
1757403536.3128676,-0.11702842694862914,0.1548704622171691,0.3600119096541463,0.7677288346078722,-0.6350633158841515,-0.06618114026452691,-0.053917325630561216,0.0752948671579361
1757403536.4129996,-0.11810044507381917,0.15568205194594417,0.3605095275094057,0.768211950885772,-0.634473405514514,-0.06582618052190149,-0.054413327126626054,0.07681716233491898
1757403536.4241261,-0.11817504913796786,0.15570603273736194,0.36050971630975215,0.768179270938776,-0.6345013179526797,-0.06590594876282274,-0.054452650385038645,0.07692504674196243
1757403536.4797542,-0.11844702981291491,0.15572490468900788,0.36031447700459246,0.7674290961928903,-0.6353675800890948,-0.06611435626388318,-0.0546764335349661,0.07671733945608139
1757403536.4908805,-0.11847247101666696,0.1557280226408749,0.360187256935944,0.7673454229285452,-0.6354635249985832,-0.06615944228231094,-0.054681244534855296,0.07671733945608139
1757403536.5576339,-0.11898900834666432,0.15615930202931036,0.35946687031822494,0.767691122243175,-0.6350415497723207,-0.06626963117120781,-0.05459768196742039,0.07694563269615173
1757403536.6021376,-0.1193733313015641,0.15656315217899205,0.3587954545469535,0.7679944579011089,-0.6347078173476919,-0.06626106559021445,-0.05422149405688003,0.07687241584062576
1757403536.613263,-0.11948486303184586,0.1567294523457414,0.3586187232779378,0.7682036650081224,-0.6344648780123499,-0.06629344748194684,-0.054061321273352905,0.0772150531411171
1757403536.6800172,-0.1197710808821622,0.15720301723042485,0.35761192442181167,0.7681817483940591,-0.6343426762473681,-0.0677802361630325,-0.05396304393987324,0.0772150531411171
1757403536.6911426,-0.1199630860565348,0.15732286749839539,0.35744160645212547,0.7680097999644517,-0.634521240329491,-0.06809204528199939,-0.05391860623756297,0.07714248448610306
1757403536.7467713,-0.12019692777050833,0.15770079339333196,0.356612465575621,0.7677936353730339,-0.6346052687729622,-0.06963688856018312,-0.05403508191826535,0.0762111023068428
1757403536.757897,-0.12024419993775651,0.1578107944255957,0.35649454443710543,0.7679272447414186,-0.634435271366775,-0.06976956634244232,-0.05396147553586329,0.07550931721925735
1757403536.8246644,-0.12034175466600573,0.1581447431204015,0.3561401414352542,0.7680144382961226,-0.6342457472207812,-0.07027746391802181,-0.05428842202804568,0.07625649124383926
1757403536.835804,-0.1203124574025102,0.15814631897683704,0.3561161833704168,0.7679743611816662,-0.6342749248122237,-0.07039189368646726,-0.05436618089670221,0.0772150531411171
1757403536.8469427,-0.12028037190065169,0.15816843461652644,0.3560854602518832,0.7679636427993863,-0.6342722754969515,-0.07049568038980625,-0.054413995631582675,0.07618121057748795
1757403536.9249163,-0.11985214072341861,0.15822555593538937,0.35585665733360117,0.7683689186691172,-0.63375153383686,-0.0703777933951963,-0.054910512468034356,0.07640260457992554
1757403536.9360561,-0.11976944874596071,0.1582010644214799,0.3558253116450953,0.768386936636936,-0.6337513451565809,-0.0701559958488349,-0.054944375184253255,0.07694563269615173
1757403536.947195,-0.11968316970477536,0.1581348943794481,0.3558072183539912,0.7683532403955624,-0.6337994107482652,-0.07002045969952884,-0.055033990699000404,0.0775727853178978
1757403537.0251708,-0.11901661062862492,0.15760587630898235,0.3550936890012067,0.7679343111330529,-0.6343251112926173,-0.07025002198904452,-0.05452963761800426,0.0772150531411171
1757403537.0363102,-0.11892603237567355,0.15754114826006843,0.35503434750088264,0.7678444041001106,-0.6344131074166667,-0.07039824071453903,-0.05458083852757048,0.07671733945608139
1757403537.0474503,-0.11882572794739255,0.15745911353550182,0.3550069253380702,0.7677641115737395,-0.6344714489180212,-0.0706366475011342,-0.05472397570584392,0.07681716233491898
1757403537.1477072,-0.11826809282704644,0.15675922382100185,0.35521683513644414,0.767266490113636,-0.6348244672711069,-0.07148486105247732,-0.05647958518761342,0.07694563269615173
1757403537.1588466,-0.11820238982603512,0.1565925672214105,0.35529727413432993,0.7669988987086299,-0.6350621210480186,-0.07193811335631727,-0.056865627900110925,0.0772150531411171
1757403537.2145476,-0.11825658021547666,0.1560406059026878,0.3563228179614773,0.767009761082172,-0.6348370728756079,-0.07216624933177597,-0.05890627950213511,0.07631214708089828
1757403537.2256875,-0.1183928373404026,0.15600206756639973,0.3567652809753884,0.7674087146922489,-0.6343817949171219,-0.0712984591014969,-0.05966684692417941,0.07622352242469788
1757403537.2813885,-0.11945541239384,0.15587642402524501,0.35993477213973046,0.7700836416453062,-0.6311618057363648,-0.06552234870974592,-0.06567177224252069,0.07543732225894928
1757403537.2925284,-0.11984393650682226,0.1558022189156771,0.3606656957279071,0.7706417785236752,-0.6304381916817243,-0.0644293827392861,-0.0671400797048874,0.07588985562324524
1757403537.3036685,-0.12024719522081544,0.1556815636436357,0.36142796356382884,0.7711944920585412,-0.6296901524653082,-0.06343720679696706,-0.06873927625880663,0.07588985562324524
1757403537.381651,-0.12455279256737806,0.153812347979349,0.36818608397493047,0.7754837936798252,-0.6233870364771325,-0.055751240595979565,-0.0830980605322052,0.0764969140291214
1757403537.3927913,-0.12559779415268474,0.15346465554710303,0.3694063263529131,0.7766341866849785,-0.6217709653892932,-0.05375682439914244,-0.0857345350576305,0.07535620778799057
1757403537.403931,-0.12664823661547325,0.15309713418920776,0.3707293339670381,0.7778885092307083,-0.6199647736533818,-0.05171670734464722,-0.08864834356695811,0.07600706070661545
1757403537.493054,-0.13701690338368325,0.14619307233672052,0.38286028387052284,0.7873177409859071,-0.603895801203602,-0.030432948614901006,-0.12047602108349394,0.07600706070661545
1757403537.504193,-0.1386302192919222,0.14485361031179445,0.38445534812458354,0.788447688611043,-0.6016347993158707,-0.027067597265048697,-0.1251125723272963,0.07626964151859283
1757403537.571035,-0.14904850564159247,0.13216927484422844,0.3947289143665282,0.7881992511471803,-0.5938667858557067,-0.009492932292846297,-0.1611647150741127,0.07593214511871338
1757403537.5821729,-0.1509100154680284,0.1295432747165815,0.39625659034681643,0.7874938476318597,-0.5931540449524536,-0.007354320989402427,-0.16723526201521308,0.07570704817771912
1757403537.6378782,-0.15917776242151271,0.1152759519600145,0.4016474803287191,0.7842109485231726,-0.591412229570211,-0.0023383496709583882,-0.1877213228485095,0.07652346044778824
1757403537.6490185,-0.16071530421074934,0.1120208390079541,0.4023356457768424,0.7829620164021472,-0.592165054439622,-0.0019513226894342496,-0.1905445394435769,0.07579762488603592
1757403537.6712966,-0.16346307084910852,0.10555465998779302,0.403745996648171,0.7799606102948294,-0.5943770119642448,-0.0016939737715326564,-0.1958942176018342,0.07590009272098541
1757403537.6824367,-0.1647798485800447,0.10230907732427931,0.40426013054591536,0.7785616339908984,-0.5954136605837579,-0.0018535861662968755,-0.19829503041174837,0.0717165395617485
1757403537.7492816,-0.1714424863390209,0.0839169956871247,0.40638141081904033,0.7727722359366513,-0.5991919570951226,-0.0037157625327151724,-0.20923255728204848,0.07112063467502594
1757403537.7604263,-0.17252488206593455,0.08105284768002957,0.40667862116372006,0.772016346284172,-0.59958599108229,-0.0034423478698155712,-0.21089227252094445,0.0717165395617485
1757403537.8161302,-0.17804674619925018,0.06704050668564973,0.4083155771387895,0.7700921788423596,-0.5994905507688965,0.00034321001804348044,-0.21810318161713277,0.07517087459564209
1757403537.8272588,-0.17921880394660084,0.06446235734109948,0.4087523661787321,0.7700405943979471,-0.5989450092047802,0.001226600076302798,-0.21977455353201128,0.07544397562742233
1757403537.8383856,-0.18039376552756894,0.06178950159552104,0.4092502153490805,0.7699319942778561,-0.5983967240884287,0.0020046542120984805,-0.22163498403692997,0.07544397562742233
